0 0.531250 0.421875 0.513281 0.421875 0.512500 0.420625 0.510938 0.420625 0.503125 0.414375 0.499219 0.408125 0.495312 0.405625 0.488672 0.393750 0.482422 0.373750 0.482422 0.367500 0.481641 0.366250 0.481641 0.341250 0.482422 0.340000 0.482422 0.335000 0.483203 0.333750 0.483203 0.330000 0.483984 0.328750 0.483984 0.325000 0.484766 0.323750 0.485547 0.317500 0.488672 0.311250 0.489453 0.307500 0.492578 0.302500 0.494141 0.297500 0.497266 0.292500 0.497656 0.290625 0.505469 0.284375 0.509375 0.279375 0.511719 0.278125 0.514062 0.274375 0.521875 0.274375 0.522656 0.275625 0.529687 0.275625 0.530469 0.276875 0.532031 0.276875 0.535156 0.279375 0.536719 0.279375 0.537500 0.280625 0.539844 0.280625 0.540625 0.281875 0.542188 0.281875 0.543750 0.284375 0.551562 0.290625 0.552734 0.293750 0.552734 0.296250 0.557422 0.306250 0.559766 0.313750 0.559766 0.316250 0.561328 0.320000 0.561328 0.322500 0.562891 0.327500 0.562891 0.332500 0.563672 0.333750 0.563672 0.356250 0.562891 0.357500 0.562891 0.363750 0.562109 0.365000 0.562109 0.368750 0.561328 0.370000 0.561328 0.372500 0.560547 0.373750 0.560547 0.376250 0.559766 0.377500 0.559766 0.380000 0.558984 0.382500 0.557422 0.385000 0.556641 0.388750 0.552734 0.396250 0.552734 0.397500 0.541406 0.415625 0.540625 0.415625 0.537500 0.419375 0.532031 0.420625
0 0.563281 0.434375 0.560156 0.434375 0.559375 0.433125 0.553906 0.433125 0.553125 0.431875 0.550781 0.431875 0.550000 0.430625 0.548438 0.430625 0.547656 0.429375 0.546875 0.429375 0.542578 0.422500 0.542578 0.421250 0.541797 0.420000 0.541797 0.416250 0.554297 0.396250 0.554297 0.395000 0.555078 0.393750 0.555078 0.392500 0.556641 0.390000 0.556641 0.388750 0.557422 0.387500 0.557422 0.386250 0.558984 0.383750 0.558984 0.382500 0.559766 0.381250 0.559766 0.378750 0.560547 0.377500 0.560547 0.376250 0.561328 0.375000 0.561328 0.372500 0.562109 0.371250 0.562109 0.367500 0.562891 0.366250 0.562891 0.362500 0.563672 0.361250 0.563672 0.360000 0.564453 0.358750 0.564453 0.357500 0.564844 0.356875 0.576562 0.356875 0.577344 0.355625 0.581250 0.355625 0.582031 0.356875 0.582812 0.356875 0.583203 0.357500 0.583203 0.358750 0.583984 0.360000 0.583984 0.378750 0.583203 0.380000 0.583203 0.388750 0.582422 0.390000 0.582422 0.393750 0.581641 0.395000 0.581641 0.398750 0.580859 0.400000 0.580859 0.405000 0.579297 0.407500 0.579297 0.410000 0.578516 0.411250 0.578516 0.412500 0.576953 0.415000 0.576953 0.416250 0.575391 0.418750 0.575391 0.420000 0.573828 0.422500 0.573828 0.423750 0.568750 0.431875 0.567969 0.431875 0.567187 0.433125 0.564063 0.433125
0 0.438492 0.437082 0.444756 0.444321 0.447714 0.457127 0.452760 0.466036 0.459894 0.462973 0.459198 0.453229 0.455022 0.440702 0.451890 0.431793 0.454674 0.419543 0.465113 0.412305 0.474857 0.406180 0.480251 0.403953 0.485645 0.404232 0.490517 0.406180 0.495911 0.408964 0.500087 0.411470 0.503219 0.414811 0.506177 0.418708 0.508787 0.421771 0.511049 0.426225 0.513833 0.433185 0.515747 0.438753 0.517835 0.445991 0.518705 0.452394 0.519227 0.462416 0.519575 0.468541 0.518705 0.478563 0.517313 0.485523 0.516443 0.493318 0.514355 0.500557 0.512441 0.504733 0.509309 0.508909 0.506873 0.511136 0.505133 0.511414 0.504089 0.509744 0.502523 0.505290 0.498347 0.501949 0.494519 0.500557 0.489647 0.497494 0.482861 0.493597 0.479033 0.491091 0.476597 0.489421 0.471377 0.484410 0.472073 0.480791 0.475901 0.473552 0.479033 0.467706 0.480947 0.461024 0.479555 0.454900 0.478859 0.449889 0.475379 0.449332 0.471899 0.456013 0.468767 0.460746 0.466157 0.466592 0.462155 0.473552 0.459198 0.478842 0.452586 0.486080 0.448062 0.493597 0.446148 0.504733 0.442320 0.507238 0.437796 0.498886 0.433968 0.486359 0.432228 0.470490 0.433272 0.456849 0.435708 0.444042
0 0.538125 0.516582 0.545065 0.527086 0.552380 0.532038 0.565792 0.531438 0.578078 0.519433 0.588582 0.497974 0.590177 0.485219 0.590646 0.471414 0.585956 0.455657 0.580141 0.446504 0.574514 0.443202 0.567668 0.439301 0.576765 0.468412 0.566355 0.482968 0.553412 0.479067 0.545252 0.493773 0.546847 0.523184
0 0.447021 0.543066 0.458252 0.540723 0.463867 0.537793 0.469116 0.536816 0.469971 0.546777 0.467896 0.556152 0.464111 0.562793 0.458130 0.563379 0.454102 0.561816 0.449829 0.557910 0.446899 0.552832 0.445923 0.549512
0 0.491726 0.516059 0.501085 0.514540 0.508952 0.511719 0.517225 0.499349 0.519260 0.504340 0.520345 0.511068 0.521973 0.516493 0.523600 0.520833 0.527262 0.524957 0.532281 0.526910 0.532416 0.531250 0.529975 0.535807 0.523736 0.545790 0.518582 0.550998 0.512614 0.555122 0.503120 0.557075 0.495795 0.555990 0.489014 0.548611 0.483724 0.540582 0.483046 0.536675 0.487386 0.531684 0.494575 0.529948 0.497016 0.524089 0.495253 0.517795
0 0.490957 0.556683 0.459446 0.570107 0.441546 0.591289 0.437631 0.608592 0.439868 0.622613 0.446207 0.634248 0.454598 0.640811 0.468769 0.638723 0.487787 0.633055 0.501585 0.622017 0.512772 0.609785 0.518179 0.593079 0.520044 0.580251 0.515010 0.572196 0.511840 0.567422 0.507738 0.563842 0.506619 0.561456 0.497110 0.558473
0 0.546707 0.529833 0.532164 0.561456 0.528062 0.572792 0.534215 0.583532 0.541486 0.592482 0.544470 0.598747 0.538130 0.596360 0.531231 0.588007 0.527502 0.582936 0.524892 0.582041 0.522281 0.597554 0.521349 0.610979 0.523587 0.626193 0.529367 0.635143 0.540181 0.639618 0.552674 0.630967 0.565726 0.609785 0.575421 0.584427 0.580642 0.563544 0.580083 0.540274 0.576540 0.527446 0.572438 0.529833 0.566099 0.533711 0.556776 0.534308 0.550436 0.533115
0 0.457774 0.288402 0.446083 0.307768 0.439481 0.328675 0.439481 0.342540 0.444157 0.357724 0.451860 0.363886 0.462726 0.369828 0.475792 0.363886 0.480331 0.355964 0.480331 0.341659 0.482532 0.326695 0.484870 0.313710 0.488584 0.305348 0.492710 0.295885 0.496286 0.291703 0.492022 0.284661 0.486658 0.279820 0.476755 0.277839 0.467265 0.281360 0.462313 0.284221
0 0.570423 0.270577 0.561482 0.278939 0.553917 0.290823 0.554055 0.297425 0.556806 0.304247 0.559419 0.312170 0.561070 0.317672 0.562720 0.324274 0.563408 0.332416 0.563958 0.338798 0.564233 0.344960 0.564646 0.349362 0.565058 0.351562 0.566434 0.354203 0.571660 0.355304 0.574824 0.353983 0.579913 0.353323 0.586790 0.350242 0.588441 0.346941 0.591467 0.342980 0.593530 0.338798 0.594768 0.335277 0.597931 0.331536 0.602195 0.306668 0.601095 0.294344 0.596281 0.287082 0.592017 0.279820 0.584452 0.275858 0.574686 0.272337 0.573999 0.272337
