0 0.449484 0.546822 0.456502 0.545975 0.471200 0.548729 0.483514 0.555085 0.493445 0.572246 0.496888 0.582627 0.498874 0.594703 0.499669 0.606568 0.499537 0.619280 0.497550 0.634322 0.494505 0.645127 0.491194 0.654025 0.484706 0.662288 0.478747 0.669915 0.472789 0.673729 0.466433 0.675424 0.462990 0.674576 0.460474 0.662712 0.456237 0.650847 0.454251 0.645339 0.450278 0.636017 0.445246 0.633475 0.441009 0.626483 0.439155 0.620763 0.448954 0.609110 0.454780 0.606568 0.455310 0.598729 0.455707 0.586017 0.455575 0.565466 0.452264 0.555932
0 0.422206 0.591525 0.418366 0.606780 0.417836 0.626695 0.422736 0.643220 0.426973 0.644068 0.436374 0.638983 0.437963 0.633686 0.436507 0.627966 0.432932 0.627331 0.428297 0.624364 0.426443 0.616525 0.423001 0.608898 0.423398 0.600424
0 0.475781 0.449375 0.465625 0.449375 0.464844 0.448125 0.460938 0.446875 0.455469 0.441875 0.453906 0.441875 0.453125 0.440625 0.452344 0.440625 0.447656 0.434375 0.446875 0.434375 0.441016 0.423750 0.441016 0.421250 0.439453 0.418750 0.439453 0.417500 0.438672 0.416250 0.438672 0.413750 0.437109 0.410000 0.437109 0.403750 0.436328 0.402500 0.436328 0.395000 0.435547 0.393750 0.435547 0.391250 0.436328 0.390000 0.436328 0.381250 0.437109 0.380000 0.437109 0.376250 0.437891 0.375000 0.437891 0.365000 0.438672 0.363750 0.438672 0.360000 0.439453 0.358750 0.439453 0.356250 0.440234 0.355000 0.440234 0.353750 0.441016 0.352500 0.443359 0.343750 0.448437 0.335625 0.450781 0.334375 0.452344 0.331875 0.457813 0.328125 0.459375 0.325625 0.460156 0.325625 0.462500 0.323125 0.468750 0.323125 0.469531 0.324375 0.475000 0.324375 0.475781 0.325625 0.478906 0.325625 0.479687 0.326875 0.482031 0.326875 0.482812 0.328125 0.484375 0.328125 0.485156 0.329375 0.490625 0.333125 0.492969 0.336875 0.493750 0.336875 0.497656 0.341875 0.498437 0.341875 0.498828 0.343750 0.504297 0.352500 0.504297 0.353750 0.505078 0.355000 0.505078 0.357500 0.505859 0.358750 0.505859 0.361250 0.506641 0.362500 0.506641 0.365000 0.507422 0.366250 0.507422 0.392500 0.506641 0.393750 0.507422 0.395000 0.507422 0.397500 0.506641 0.398750 0.506641 0.406250 0.505078 0.410000 0.505078 0.413750 0.503516 0.417500 0.503516 0.418750 0.500391 0.423750 0.500391 0.425000 0.494141 0.435000 0.494141 0.436250 0.492969 0.438125 0.492188 0.438125 0.488281 0.441875 0.486719 0.441875 0.484375 0.445625 0.483594 0.445625 0.482812 0.446875 0.480469 0.446875 0.479687 0.448125 0.476562 0.448125
0 0.545312 0.414375 0.541406 0.414375 0.540234 0.412500 0.540234 0.411250 0.538672 0.407500 0.538672 0.405000 0.537891 0.403750 0.537891 0.398750 0.537109 0.397500 0.537109 0.378750 0.536328 0.377500 0.537109 0.376250 0.537109 0.358750 0.537891 0.357500 0.537891 0.351250 0.538672 0.350000 0.538672 0.342500 0.539453 0.341250 0.539453 0.337500 0.540234 0.336250 0.540234 0.332500 0.541016 0.331250 0.541016 0.328750 0.541797 0.327500 0.541797 0.326250 0.543359 0.322500 0.543359 0.321250 0.544922 0.318750 0.544922 0.316250 0.546094 0.314375 0.546875 0.314375 0.547266 0.312500 0.550781 0.306875 0.551562 0.306875 0.553125 0.304375 0.553906 0.304375 0.555469 0.301875 0.556250 0.301875 0.557031 0.300625 0.559375 0.300625 0.560156 0.299375 0.567969 0.299375 0.570312 0.301875 0.571875 0.301875 0.574219 0.305625 0.575000 0.305625 0.578516 0.311250 0.579297 0.315000 0.580859 0.317500 0.580859 0.320000 0.582422 0.323750 0.582422 0.327500 0.583203 0.328750 0.583203 0.343750 0.581250 0.345625 0.575781 0.345625 0.575000 0.346875 0.573438 0.346875 0.572656 0.348125 0.571875 0.348125 0.567578 0.355000 0.566797 0.358750 0.565234 0.362500 0.565234 0.377500 0.563672 0.380000 0.563672 0.381250 0.560156 0.386875 0.559375 0.386875 0.556250 0.391875 0.555078 0.392500 0.555078 0.393750 0.551172 0.400000 0.550391 0.403750 0.548047 0.407500 0.548047 0.408750
0 0.584375 0.388125 0.580469 0.388125 0.579688 0.386875 0.578125 0.386875 0.577344 0.385625 0.575781 0.385625 0.575000 0.384375 0.574219 0.384375 0.573438 0.383125 0.571094 0.383125 0.570312 0.381875 0.568750 0.381875 0.565234 0.376250 0.565234 0.361250 0.566016 0.360000 0.566016 0.358750 0.566797 0.357500 0.566797 0.356250 0.567578 0.355000 0.567578 0.353750 0.571094 0.348125 0.571875 0.348125 0.572656 0.346875 0.573438 0.346875 0.574219 0.345625 0.575781 0.345625 0.576562 0.344375 0.584375 0.344375 0.584766 0.345000 0.584766 0.346250 0.585938 0.348125 0.586719 0.348125 0.587500 0.349375 0.588281 0.349375 0.588672 0.350000 0.588672 0.351250 0.590234 0.353750 0.590234 0.355000 0.591797 0.357500 0.591797 0.360000 0.592578 0.361250 0.592578 0.372500 0.591797 0.373750 0.591797 0.375000 0.591016 0.376250 0.591016 0.377500 0.588672 0.381250 0.588672 0.382500 0.588281 0.383125 0.587500 0.383125
0 0.577344 0.526875 0.571875 0.526875 0.567187 0.523125 0.565625 0.520625 0.564063 0.520625 0.560937 0.516875 0.558594 0.516875 0.553906 0.513125 0.552344 0.513125 0.551562 0.511875 0.549219 0.511875 0.547656 0.510625 0.547266 0.502500 0.546484 0.501250 0.546484 0.493750 0.545703 0.492500 0.545703 0.487500 0.544922 0.486250 0.544922 0.471250 0.544141 0.470000 0.544141 0.458750 0.543359 0.457500 0.543359 0.446250 0.542578 0.445000 0.542578 0.438750 0.544141 0.435000 0.544141 0.425000 0.543359 0.423750 0.543359 0.420000 0.544141 0.417500 0.545312 0.416875 0.545703 0.415000 0.548047 0.411250 0.548828 0.408750 0.548828 0.405000 0.551172 0.401250 0.551172 0.400000 0.552734 0.397500 0.553125 0.395625 0.553906 0.395625 0.557813 0.389375 0.559375 0.389375 0.560937 0.388125 0.563281 0.384375 0.564844 0.383125 0.566406 0.383125 0.567187 0.381875 0.568750 0.381875 0.569531 0.383125 0.571875 0.383125 0.572656 0.384375 0.575781 0.384375 0.578906 0.388125 0.582812 0.390625 0.585547 0.395000 0.585547 0.396250 0.587109 0.398750 0.591016 0.411250 0.591016 0.416250 0.591797 0.417500 0.591797 0.421250 0.592578 0.422500 0.592578 0.431250 0.593359 0.432500 0.593359 0.440000 0.594141 0.441250 0.594141 0.478750 0.593359 0.480000 0.592578 0.491250 0.591016 0.495000 0.591016 0.498750 0.588672 0.506250 0.587109 0.508750 0.586328 0.512500 0.584766 0.515000 0.584766 0.516250 0.580469 0.524375
0 0.573438 0.633125 0.561719 0.633125 0.560937 0.631875 0.559375 0.631875 0.558594 0.630625 0.556250 0.629375 0.553906 0.625625 0.553125 0.625625 0.551562 0.623125 0.549219 0.621875 0.545312 0.615625 0.544531 0.615625 0.543750 0.614375 0.541406 0.614375 0.541016 0.612500 0.539453 0.610000 0.537891 0.603750 0.535547 0.600000 0.535547 0.598750 0.533984 0.596250 0.534766 0.595000 0.534766 0.592500 0.532422 0.588750 0.532422 0.586250 0.533203 0.585000 0.530859 0.581250 0.530859 0.577500 0.531641 0.576250 0.531641 0.563750 0.530859 0.562500 0.530859 0.556250 0.530078 0.555000 0.530078 0.543750 0.530859 0.542500 0.530859 0.537500 0.531641 0.536250 0.531641 0.533750 0.532422 0.532500 0.532422 0.531250 0.533594 0.530625 0.533984 0.528750 0.535937 0.525625 0.540625 0.523125 0.545312 0.514375 0.546875 0.514375 0.547656 0.513125 0.551562 0.513125 0.552344 0.514375 0.553906 0.514375 0.559375 0.519375 0.562500 0.519375 0.563281 0.520625 0.564844 0.520625 0.565625 0.521875 0.566406 0.521875 0.567969 0.524375 0.568750 0.524375 0.570312 0.526875 0.572656 0.528125 0.574609 0.531250 0.574609 0.532500 0.576172 0.535000 0.576172 0.536250 0.577734 0.537500 0.577734 0.538750 0.579297 0.541250 0.579297 0.542500 0.581641 0.546250 0.581641 0.547500 0.584766 0.556250 0.584766 0.558750 0.586328 0.562500 0.586328 0.565000 0.587891 0.568750 0.587891 0.571250 0.588672 0.572500 0.588672 0.575000 0.589453 0.576250 0.589453 0.578750 0.590234 0.580000 0.590234 0.582500 0.591016 0.583750 0.591016 0.598750 0.591797 0.600000 0.591016 0.601250 0.591016 0.608750 0.590234 0.610000 0.588672 0.616250 0.587109 0.618750 0.587109 0.620000 0.584375 0.624375 0.583594 0.624375 0.582031 0.626875 0.578125 0.629375 0.576562 0.631875 0.574219 0.631875
0 0.511719 0.656875 0.500781 0.656875 0.500000 0.655625 0.497656 0.655625 0.494922 0.651250 0.494922 0.650000 0.496484 0.647500 0.496484 0.643750 0.497266 0.642500 0.497266 0.640000 0.498047 0.638750 0.498047 0.636250 0.498828 0.635000 0.498828 0.632500 0.499609 0.631250 0.499609 0.621250 0.500391 0.620000 0.500391 0.598750 0.499609 0.597500 0.499609 0.585000 0.500000 0.584375 0.500781 0.584375 0.501563 0.583125 0.509375 0.583125 0.510156 0.584375 0.513281 0.584375 0.514062 0.585625 0.516406 0.585625 0.517188 0.586875 0.518750 0.586875 0.520312 0.589375 0.521094 0.589375 0.521875 0.590625 0.522656 0.590625 0.523438 0.591875 0.524219 0.591875 0.526563 0.595625 0.527344 0.595625 0.530859 0.601250 0.530859 0.602500 0.531641 0.603750 0.531641 0.605000 0.533984 0.608750 0.533984 0.610000 0.534766 0.611250 0.534766 0.613750 0.535547 0.615000 0.535547 0.617500 0.536328 0.618750 0.536328 0.625000 0.535547 0.626250 0.535547 0.631250 0.534766 0.632500 0.534766 0.635000 0.533984 0.636250 0.533984 0.637500 0.532422 0.640000 0.532422 0.641250 0.530469 0.644375 0.529687 0.644375 0.528125 0.646875 0.527344 0.646875 0.525781 0.649375 0.525000 0.649375 0.523438 0.651875 0.522656 0.651875 0.521875 0.653125 0.520312 0.653125 0.519531 0.654375 0.518750 0.654375 0.517969 0.655625 0.512500 0.655625
0 0.505620 0.418517 0.516999 0.415409 0.530737 0.415853 0.538091 0.418739 0.528794 0.419849 0.520884 0.421847 0.518248 0.425844 0.525880 0.434059 0.530043 0.436279 0.536981 0.442052 0.541144 0.447602 0.542532 0.457815 0.542532 0.466252 0.542809 0.477353 0.541977 0.488233 0.540173 0.494893 0.534622 0.500888 0.527545 0.503552 0.522827 0.499112 0.517554 0.495115 0.509228 0.491563 0.505620 0.491341 0.498543 0.491785 0.495906 0.491341 0.492021 0.484458 0.488691 0.477575 0.487719 0.472469 0.487997 0.463588 0.488413 0.456039 0.489107 0.447602 0.489662 0.442496 0.495351 0.435613 0.498265 0.428952 0.503122 0.421403
0 0.526851 0.503552 0.521856 0.500444 0.515889 0.496448 0.509228 0.494005 0.502845 0.492895 0.497155 0.493561 0.492576 0.500666 0.489107 0.509547 0.486609 0.520426 0.485638 0.529973 0.486054 0.537522 0.487442 0.546625 0.489384 0.555062 0.494935 0.562167 0.501318 0.569494 0.508673 0.578375 0.517831 0.583259 0.525741 0.575933 0.528655 0.573712 0.530320 0.572158 0.529071 0.566607 0.528655 0.561057 0.528655 0.552842 0.528933 0.544183 0.528933 0.536634 0.531292 0.529529 0.532679 0.525311 0.534761 0.522869 0.535455 0.521092 0.531847 0.520204 0.527267 0.522425 0.522272 0.526199 0.519080 0.530861 0.516166 0.535524 0.509922 0.541519 0.506869 0.543517 0.503955 0.545293 0.501873 0.545737 0.503539 0.540631 0.506453 0.537078 0.510893 0.534414 0.513530 0.531528 0.516721 0.528197 0.520052 0.524867 0.523104 0.520870 0.526019 0.517984 0.530043 0.514654 0.531292 0.513099 0.529488 0.510435
0 0.444147 0.532860 0.456219 0.517318 0.464545 0.511545 0.475647 0.510213 0.485915 0.513321 0.485083 0.523979 0.484111 0.531972 0.485638 0.543517 0.486748 0.551510 0.488413 0.556394 0.492299 0.561501 0.496461 0.565719 0.497572 0.566829 0.496739 0.569716 0.495074 0.569938 0.489801 0.564387 0.488136 0.560169 0.486054 0.556394 0.483973 0.553730 0.479116 0.550844 0.473704 0.548179 0.470790 0.547069 0.466349 0.546625 0.458995 0.544849 0.453999 0.543961 0.451085 0.543961 0.446645 0.538188
