0 0.546094 0.478125 0.539062 0.478125 0.538281 0.476875 0.535937 0.476875 0.532031 0.473125 0.531250 0.473125 0.529687 0.470625 0.528125 0.470625 0.527344 0.469375 0.525000 0.469375 0.521094 0.465625 0.519531 0.465625 0.518750 0.464375 0.517969 0.464375 0.514453 0.458750 0.514453 0.457500 0.513281 0.455625 0.510938 0.455625 0.510156 0.454375 0.509375 0.454375 0.506641 0.450000 0.506641 0.447500 0.505859 0.446250 0.505859 0.442500 0.505078 0.441250 0.505078 0.438750 0.503516 0.436250 0.503516 0.430000 0.502734 0.428750 0.502734 0.427500 0.503516 0.426250 0.503516 0.410000 0.504297 0.408750 0.503516 0.407500 0.503516 0.405000 0.504297 0.403750 0.505078 0.395000 0.505859 0.393750 0.505859 0.392500 0.508203 0.388750 0.508984 0.385000 0.509766 0.383750 0.509766 0.381250 0.510938 0.380625 0.514453 0.373750 0.514453 0.370000 0.521875 0.358125 0.522656 0.358125 0.525781 0.353125 0.529687 0.350625 0.533594 0.345625 0.535156 0.345625 0.535937 0.344375 0.539062 0.344375 0.539844 0.343125 0.550781 0.343125 0.551562 0.344375 0.555469 0.344375 0.556250 0.345625 0.557813 0.345625 0.560156 0.348125 0.561719 0.348125 0.564844 0.351875 0.568750 0.354375 0.571094 0.358125 0.573438 0.359375 0.578516 0.367500 0.580078 0.373750 0.582422 0.377500 0.582422 0.381250 0.583203 0.382500 0.583203 0.388750 0.583984 0.390000 0.583984 0.413750 0.583203 0.415000 0.583203 0.421250 0.581641 0.425000 0.581641 0.427500 0.580859 0.428750 0.580859 0.432500 0.579297 0.436250 0.579297 0.438750 0.578516 0.440000 0.576953 0.446250 0.575391 0.448750 0.575391 0.450000 0.572656 0.454375 0.571875 0.454375 0.569531 0.459375 0.568750 0.459375 0.566406 0.463125 0.565625 0.463125 0.561719 0.469375 0.560937 0.469375 0.560156 0.470625 0.558594 0.470625 0.553125 0.475625 0.550000 0.475625 0.549219 0.476875 0.546875 0.476875
0 0.440204 0.335171 0.443974 0.337666 0.446053 0.329763 0.449173 0.332051 0.448133 0.338914 0.447093 0.348690 0.448133 0.352849 0.455413 0.346610 0.457753 0.344738 0.456973 0.352017 0.453463 0.358257 0.451513 0.363041 0.450733 0.367824 0.456193 0.374480 0.460613 0.377808 0.466332 0.377184 0.470622 0.375104 0.475562 0.372816 0.479331 0.369696 0.483751 0.361377 0.485961 0.353889 0.487261 0.345778 0.487911 0.334131 0.486351 0.324771 0.483881 0.317076 0.479461 0.310628 0.475042 0.306884 0.470362 0.303765 0.464902 0.302101 0.461002 0.301685 0.449953 0.306052 0.443714 0.311252 0.439294 0.319572 0.437864 0.328515
0 0.521449 0.312708 0.517549 0.311668 0.509879 0.312084 0.503250 0.314372 0.498570 0.317284 0.494280 0.322483 0.491681 0.327475 0.489731 0.335795 0.489601 0.344946 0.489861 0.355553 0.492071 0.364289 0.494150 0.370944 0.498570 0.379264 0.504940 0.383215 0.510659 0.377808 0.513649 0.373440 0.514819 0.369696 0.515989 0.365953 0.521449 0.357841 0.522749 0.356177 0.528208 0.351394 0.530288 0.347234 0.535098 0.342658 0.539127 0.339954 0.536008 0.331843 0.531458 0.324979 0.528338 0.322275 0.525998 0.318324
0 0.447613 0.396943 0.453073 0.405262 0.457363 0.409838 0.462302 0.411086 0.465552 0.411918 0.469712 0.412958 0.471272 0.413998 0.473872 0.415661 0.475822 0.417533 0.477641 0.418573 0.481541 0.417949 0.489081 0.415245 0.491811 0.414621 0.494800 0.413374 0.497790 0.413166 0.500260 0.414621 0.499870 0.416493 0.499090 0.417949 0.496490 0.420029 0.493240 0.423149 0.488691 0.426685 0.485311 0.429597 0.482971 0.431468 0.481671 0.434588 0.482581 0.436876 0.490121 0.439372 0.492071 0.440620 0.495840 0.444156 0.500520 0.447275 0.503250 0.451435 0.504160 0.454555 0.503770 0.458091 0.500650 0.459755 0.495970 0.457467 0.491421 0.454763 0.484141 0.452267 0.481671 0.451851 0.483491 0.457675 0.490901 0.465370 0.493500 0.467866 0.496360 0.471610 0.496490 0.474314 0.493630 0.476809 0.488561 0.475354 0.480501 0.467866 0.477381 0.463498 0.473742 0.460587 0.477251 0.473274 0.482971 0.481593 0.479461 0.484505 0.476601 0.484713 0.473612 0.480345 0.468932 0.470154 0.464642 0.460171 0.455933 0.443532 0.451903 0.437292 0.443324 0.433340 0.440594 0.434796 0.438904 0.438540 0.439684 0.451435 0.441504 0.460795 0.445144 0.468698 0.454503 0.483673 0.459053 0.486793 0.466332 0.490537 0.472442 0.491785 0.479851 0.490329 0.483881 0.488665 0.490901 0.485129 0.495970 0.480553 0.502210 0.472026 0.506110 0.465994 0.507670 0.460795 0.508059 0.454971 0.507280 0.451227 0.505720 0.448315 0.504290 0.443948 0.502340 0.437500 0.501040 0.427725 0.502990 0.422733 0.503510 0.417117 0.502860 0.410046 0.504030 0.400894 0.504420 0.396527 0.503380 0.392575 0.501950 0.389247 0.496360 0.382176 0.486221 0.376768 0.479591 0.373024 0.465942 0.377392 0.455933 0.382384 0.450863 0.387167 0.447743 0.394031
0 0.451849 0.489072 0.444172 0.491781 0.437850 0.502439 0.434915 0.514902 0.432318 0.525741 0.432092 0.548320 0.432205 0.573970 0.433673 0.588241 0.441011 0.607569 0.446656 0.617142 0.456704 0.617684 0.463026 0.617865 0.467542 0.615878 0.474090 0.605040 0.481315 0.583363 0.482106 0.560423 0.481541 0.541998 0.479509 0.528811 0.474993 0.509845 0.469461 0.495755 0.462687 0.492504 0.457607 0.489072
0 0.484300 0.548332 0.489449 0.544313 0.497362 0.540494 0.504270 0.538284 0.506657 0.537882 0.509797 0.538887 0.512058 0.541298 0.513314 0.545318 0.513440 0.548533 0.512560 0.554361 0.511932 0.559385 0.510425 0.558983 0.506657 0.556170 0.503894 0.555567 0.502889 0.560189 0.504019 0.564208 0.507285 0.577472 0.508415 0.581491 0.510802 0.587520 0.513314 0.591740 0.515072 0.594956 0.512560 0.600181 0.509923 0.604401 0.505275 0.609626 0.500126 0.616258 0.497614 0.620076 0.492464 0.626105 0.489826 0.628316 0.485932 0.631531 0.480280 0.636756 0.475759 0.639972 0.469227 0.639369 0.464203 0.637761 0.462068 0.634948 0.461691 0.630727 0.461817 0.625301 0.464078 0.621885 0.463575 0.618871 0.468474 0.617665 0.473623 0.608420 0.477140 0.600583 0.479276 0.591539 0.480783 0.584104 0.482667 0.559184
0 0.450977 0.621544 0.455297 0.623464 0.458057 0.626920 0.457937 0.630568 0.457457 0.634601 0.456977 0.634601 0.454337 0.630760 0.452417 0.627688 0.451097 0.624040
0 0.532655 0.518022 0.538856 0.503142 0.550430 0.491898 0.560971 0.487930 0.569238 0.486938 0.581225 0.494544 0.585979 0.501819 0.590112 0.509425 0.592593 0.517692 0.594039 0.529927 0.594866 0.540509 0.592386 0.556052 0.588666 0.566964 0.581845 0.578869 0.576058 0.587136 0.566964 0.591766 0.553737 0.592427 0.544229 0.584491 0.539889 0.579530 0.538649 0.573578 0.538649 0.568287 0.540509 0.564319 0.541129 0.559358 0.541129 0.557374 0.538442 0.555390 0.536169 0.551753 0.538029 0.545470 0.539062 0.541832 0.538649 0.537864 0.537616 0.533896 0.535549 0.529927 0.534102 0.526620 0.532655 0.521991
0 0.540096 0.582507 0.545470 0.590112 0.553943 0.594742 0.562831 0.595073 0.570064 0.592427 0.571925 0.592097 0.567584 0.601356 0.564071 0.608631 0.558904 0.618552 0.554150 0.624504 0.550017 0.628803 0.546090 0.632110 0.542369 0.633763 0.540096 0.634425 0.536789 0.634755 0.533896 0.634755 0.531829 0.633433 0.529142 0.631779 0.526042 0.629795 0.524802 0.627811 0.522941 0.624173 0.522115 0.621858 0.520668 0.617890 0.520048 0.615245 0.519221 0.608631 0.518601 0.603340 0.519221 0.598710 0.520875 0.596065 0.522735 0.595403 0.525422 0.597057 0.525835 0.600694 0.526248 0.604332 0.528315 0.608300 0.528935 0.612599 0.531002 0.615575 0.532655 0.618221 0.536169 0.622851 0.540096 0.625165 0.543609 0.625165 0.542576 0.620866 0.540509 0.617890 0.541129 0.615245 0.544850 0.610284 0.545470 0.607639 0.545676 0.604663 0.544229 0.601356 0.543816 0.600033 0.537409 0.600033 0.540303 0.594742 0.541749 0.589782
0 0.509766 0.458854 0.508030 0.464410 0.504774 0.470313 0.502170 0.474479 0.500651 0.479340 0.499132 0.485243 0.497613 0.493576 0.497179 0.499826 0.497396 0.509896 0.502387 0.524132 0.504123 0.528299 0.506510 0.531424 0.512587 0.535590 0.515408 0.537674 0.517795 0.540104 0.519965 0.534549 0.521267 0.533160 0.522569 0.530035 0.523655 0.525521 0.527127 0.522049 0.528429 0.521007 0.530382 0.517188 0.532769 0.514757 0.537543 0.506771 0.543837 0.498437 0.549696 0.492188 0.552300 0.490451 0.558811 0.487674 0.559028 0.477604 0.556858 0.476910 0.552083 0.476562 0.546007 0.478646 0.539280 0.478299 0.535590 0.477257 0.534071 0.477257 0.527995 0.471701 0.526259 0.469271 0.523220 0.467187 0.520399 0.464757 0.517578 0.463021 0.515408 0.460590 0.512370 0.456771
0 0.573351 0.460243 0.567708 0.462326 0.561849 0.470313 0.562283 0.477257 0.564887 0.483507 0.567925 0.484549 0.571615 0.486979 0.573351 0.488021 0.576389 0.490799 0.579427 0.492882 0.582248 0.492882 0.583333 0.492535 0.585503 0.487674 0.586372 0.485243 0.586372 0.481771 0.586372 0.476215 0.585720 0.471701 0.583984 0.466146 0.582682 0.464062 0.580295 0.461979 0.577908 0.461285
0 0.539726 0.335661 0.542820 0.321163 0.549229 0.308787 0.556522 0.302245 0.562157 0.300654 0.565804 0.301008 0.567351 0.302776 0.563925 0.302599 0.563815 0.305781 0.564367 0.308964 0.566357 0.312500 0.568125 0.315682 0.568898 0.318865 0.566025 0.318158 0.560168 0.316036 0.554975 0.318511 0.553649 0.321871 0.551439 0.322224 0.547571 0.323992 0.543372 0.329120
