0 0.561719 0.469375 0.553906 0.469375 0.553125 0.468125 0.550000 0.468125 0.549219 0.466875 0.546875 0.466875 0.546094 0.465625 0.542969 0.465625 0.542188 0.464375 0.539844 0.464375 0.537500 0.461875 0.533594 0.460625 0.528906 0.453125 0.528125 0.453125 0.527344 0.451875 0.525391 0.448750 0.525391 0.447500 0.519141 0.437500 0.518359 0.433750 0.516797 0.431250 0.516797 0.422500 0.517578 0.421250 0.517578 0.410000 0.518359 0.408750 0.518359 0.403750 0.519141 0.402500 0.519141 0.397500 0.520703 0.393750 0.520703 0.385000 0.521484 0.383750 0.521484 0.377500 0.527344 0.368125 0.528906 0.368125 0.532031 0.364375 0.532813 0.364375 0.533594 0.363125 0.535156 0.363125 0.535937 0.361875 0.538281 0.361875 0.539062 0.360625 0.542188 0.360625 0.542969 0.359375 0.545312 0.359375 0.546094 0.358125 0.548438 0.358125 0.553906 0.353125 0.554688 0.353125 0.555859 0.351250 0.555859 0.350000 0.558594 0.348125 0.559375 0.345625 0.560156 0.345625 0.565625 0.340625 0.567969 0.340625 0.568750 0.339375 0.569531 0.340625 0.572656 0.340625 0.575000 0.343125 0.577344 0.343125 0.580469 0.346875 0.584375 0.349375 0.585547 0.351250 0.585547 0.353750 0.586719 0.355625 0.588281 0.355625 0.593359 0.363750 0.593359 0.365000 0.594922 0.368750 0.594922 0.373750 0.595703 0.375000 0.595703 0.380000 0.596484 0.381250 0.596484 0.406250 0.595703 0.407500 0.595703 0.411250 0.594922 0.412500 0.594922 0.416250 0.594141 0.417500 0.594141 0.420000 0.593359 0.421250 0.592578 0.425000 0.591016 0.427500 0.588672 0.436250 0.584766 0.443750 0.584766 0.445000 0.582812 0.448125 0.582031 0.448125 0.578125 0.454375 0.575781 0.455625 0.572656 0.460625 0.571875 0.460625 0.567969 0.464375 0.566406 0.464375
0 0.544531 0.623125 0.540625 0.623125 0.539844 0.621875 0.535156 0.621875 0.534375 0.620625 0.532031 0.620625 0.530078 0.617500 0.530078 0.616250 0.528516 0.613750 0.528516 0.612500 0.526563 0.610625 0.525781 0.610625 0.524609 0.608750 0.524609 0.607500 0.523828 0.606250 0.523828 0.600000 0.523047 0.598750 0.523047 0.595000 0.522266 0.593750 0.522266 0.590000 0.523047 0.588750 0.523047 0.580000 0.523828 0.578750 0.523828 0.576250 0.524609 0.575000 0.524609 0.571250 0.525391 0.570000 0.525391 0.567500 0.526172 0.566250 0.526953 0.562500 0.529297 0.556250 0.529297 0.553750 0.530859 0.550000 0.530859 0.547500 0.532422 0.543750 0.532422 0.541250 0.533203 0.540000 0.533203 0.538750 0.534766 0.536250 0.535547 0.532500 0.537891 0.528750 0.537891 0.527500 0.549219 0.509375 0.551562 0.508125 0.557031 0.503125 0.560156 0.503125 0.560937 0.501875 0.567187 0.501875 0.567969 0.503125 0.570312 0.503125 0.571094 0.504375 0.572656 0.504375 0.575781 0.509375 0.576953 0.510000 0.577734 0.511250 0.577734 0.512500 0.580859 0.517500 0.580859 0.518750 0.581641 0.520000 0.581641 0.522500 0.583203 0.526250 0.583203 0.530000 0.583984 0.531250 0.583984 0.541250 0.583203 0.542500 0.583203 0.550000 0.582422 0.551250 0.582422 0.552500 0.581641 0.553750 0.581641 0.556250 0.580859 0.557500 0.580859 0.561250 0.580078 0.562500 0.580078 0.563750 0.577734 0.570000 0.576953 0.573750 0.575391 0.576250 0.575391 0.578750 0.573828 0.581250 0.573047 0.585000 0.569922 0.591250 0.569922 0.592500 0.569141 0.593750 0.569141 0.595000 0.567578 0.597500 0.567578 0.598750 0.557813 0.614375 0.555469 0.615625 0.553906 0.618125 0.553125 0.618125 0.549219 0.621875 0.545312 0.621875
0 0.530469 0.525625 0.524219 0.525625 0.523438 0.524375 0.519531 0.524375 0.518750 0.523125 0.517188 0.523125 0.514844 0.520625 0.513281 0.520625 0.512500 0.519375 0.511719 0.519375 0.510938 0.518125 0.510156 0.518125 0.501953 0.505000 0.501953 0.503750 0.501172 0.502500 0.501172 0.501250 0.500391 0.500000 0.500391 0.497500 0.499609 0.496250 0.499609 0.492500 0.498828 0.491250 0.498828 0.483750 0.498047 0.482500 0.498828 0.481250 0.498828 0.470000 0.499609 0.468750 0.499609 0.465000 0.500391 0.463750 0.500391 0.461250 0.501172 0.460000 0.501172 0.457500 0.501953 0.456250 0.501953 0.455000 0.503516 0.452500 0.503516 0.451250 0.507031 0.445625 0.507812 0.445625 0.510156 0.440625 0.510938 0.440625 0.512500 0.438125 0.513281 0.438125 0.514062 0.436875 0.515625 0.436875 0.516406 0.438125 0.518750 0.438125 0.522266 0.443750 0.522266 0.445000 0.525000 0.449375 0.525781 0.449375 0.531250 0.458125 0.532031 0.458125 0.532813 0.459375 0.533594 0.459375 0.535156 0.461875 0.535937 0.461875 0.536719 0.463125 0.538281 0.463125 0.539844 0.465625 0.543750 0.465625 0.544531 0.466875 0.547656 0.466875 0.548438 0.468125 0.550781 0.468125 0.551562 0.469375 0.555469 0.469375 0.556250 0.470625 0.557813 0.470625 0.559766 0.473750 0.559766 0.487500 0.558984 0.488750 0.558984 0.495000 0.557422 0.497500 0.557422 0.498750 0.553906 0.504375 0.553125 0.504375 0.550781 0.508125 0.550000 0.508125 0.548438 0.510625 0.547656 0.510625 0.545312 0.514375 0.544531 0.514375 0.540625 0.520625 0.539844 0.520625 0.539062 0.521875 0.538281 0.521875 0.537500 0.523125 0.536719 0.523125 0.535937 0.524375 0.531250 0.524375
0 0.485938 0.453125 0.478906 0.453125 0.477734 0.451250 0.477734 0.425000 0.478516 0.423750 0.478516 0.403750 0.479297 0.402500 0.479297 0.398750 0.478516 0.397500 0.478516 0.396250 0.479297 0.395000 0.479297 0.390000 0.478516 0.388750 0.479297 0.387500 0.479297 0.385000 0.478516 0.383750 0.478516 0.378750 0.477734 0.377500 0.477734 0.368750 0.476953 0.367500 0.476953 0.365000 0.476172 0.363750 0.476172 0.361250 0.475391 0.360000 0.475391 0.357500 0.474609 0.356250 0.474609 0.353750 0.473047 0.350000 0.472266 0.346250 0.474219 0.343125 0.475781 0.343125 0.478125 0.340625 0.480469 0.340625 0.482031 0.338125 0.489844 0.338125 0.490625 0.336875 0.498437 0.336875 0.499219 0.338125 0.500000 0.338125 0.500391 0.340000 0.502344 0.343125 0.503906 0.343125 0.504687 0.344375 0.506250 0.344375 0.509375 0.349375 0.510156 0.349375 0.514062 0.353125 0.514844 0.353125 0.516016 0.355000 0.516016 0.356250 0.519922 0.362500 0.519922 0.365000 0.520703 0.366250 0.520703 0.377500 0.519922 0.378750 0.519922 0.382500 0.519141 0.383750 0.519141 0.390000 0.518359 0.391250 0.518359 0.398750 0.517578 0.400000 0.517578 0.403750 0.516797 0.405000 0.516797 0.407500 0.516016 0.408750 0.516016 0.423750 0.515234 0.425000 0.515234 0.430000 0.514453 0.431250 0.514453 0.432500 0.513281 0.434375 0.512500 0.434375 0.511719 0.436875 0.509375 0.438125 0.503906 0.445625 0.501563 0.446875 0.500000 0.449375 0.497656 0.449375 0.496875 0.450625 0.493750 0.450625 0.492969 0.451875 0.486719 0.451875
0 0.439624 0.270135 0.445734 0.255936 0.455336 0.248953 0.469303 0.248953 0.480651 0.250116 0.485015 0.253608 0.482542 0.261057 0.480505 0.276885 0.480360 0.289223 0.481669 0.301792 0.482396 0.310871 0.483706 0.300163 0.484724 0.290852 0.485888 0.282938 0.486761 0.274558 0.487779 0.267574 0.490107 0.266411 0.492580 0.267342 0.495781 0.271299 0.498254 0.274791 0.498109 0.278980 0.497963 0.287593 0.497963 0.295275 0.497963 0.305517 0.498982 0.312966 0.499418 0.317388 0.498691 0.321113 0.496508 0.322975 0.493599 0.326466 0.489671 0.329027 0.486906 0.330424 0.482978 0.331355 0.474831 0.332751 0.470612 0.332984 0.465375 0.331820 0.457228 0.327398 0.454900 0.324372 0.448935 0.318552 0.446025 0.312966 0.444716 0.309008 0.443261 0.303189 0.442097 0.297602 0.440788 0.290154 0.439042 0.282705 0.437878 0.275256
0 0.439366 0.331690 0.448028 0.327692 0.456523 0.330624 0.463020 0.335421 0.467684 0.343950 0.472182 0.356210 0.474847 0.368737 0.475513 0.383396 0.476513 0.401253 0.476513 0.422308 0.475846 0.437233 0.471848 0.452159 0.467850 0.467084 0.463020 0.474547 0.458022 0.478811 0.452192 0.479611 0.443530 0.473747 0.436534 0.465752 0.433036 0.458822 0.430037 0.448961 0.427539 0.431370 0.425540 0.401519 0.426539 0.380197 0.429204 0.356743 0.433202 0.342617
0 0.453881 0.563641 0.461579 0.565465 0.470988 0.572080 0.477831 0.574133 0.485245 0.581889 0.493798 0.583029 0.500356 0.583714 0.501212 0.577327 0.497505 0.574818 0.491945 0.571168 0.486813 0.568659 0.484104 0.565693 0.493798 0.563184 0.500071 0.561816 0.503493 0.559078 0.504491 0.557482 0.507770 0.565465 0.509053 0.570027 0.510336 0.578011 0.510478 0.588276 0.510336 0.593522 0.509766 0.597856 0.508340 0.603330 0.506914 0.607892 0.505061 0.611086 0.500927 0.618157 0.497505 0.621350 0.491945 0.622035 0.486813 0.621122 0.483106 0.618385 0.474695 0.610401 0.470561 0.603558 0.463860 0.593066 0.459155 0.580292 0.454166 0.567062
0 0.458443 0.524179 0.471131 0.525776 0.478687 0.524863 0.485530 0.512774 0.486528 0.509124 0.483249 0.504562 0.481253 0.501597 0.476406 0.498403 0.471416 0.495894 0.468992 0.495894 0.464003 0.497947 0.459298 0.500684 0.455734 0.503878 0.454166 0.509352 0.454593 0.515283 0.457872 0.521670
0 0.483391 0.534900 0.485102 0.530109 0.486813 0.525776 0.488951 0.520985 0.489949 0.515967 0.492515 0.518704 0.493656 0.522582 0.495509 0.526232 0.496650 0.528969 0.493941 0.532162 0.489522 0.533303 0.486100 0.535128
0 0.499358 0.539918 0.496365 0.540830 0.493228 0.542883 0.489522 0.545392 0.486100 0.547445 0.485245 0.548586 0.494226 0.547901 0.499501 0.547901 0.501782 0.547217 0.500071 0.542655
0 0.502383 0.268138 0.510758 0.263517 0.516824 0.254737 0.520001 0.249422 0.521878 0.249422 0.525777 0.249653 0.527077 0.254968 0.529387 0.261206 0.534008 0.264441 0.539062 0.261206 0.541229 0.258202 0.543828 0.258202 0.548738 0.263286 0.552204 0.268600 0.559135 0.274838 0.563612 0.274607 0.561735 0.265134 0.562312 0.260975 0.568522 0.272759 0.569099 0.278304 0.570110 0.287546 0.570544 0.293323 0.570399 0.304413 0.569966 0.312962 0.568522 0.321511 0.566356 0.327518 0.564334 0.333295 0.561013 0.339533 0.557691 0.345079 0.554514 0.349006 0.548016 0.354090 0.542095 0.357324 0.536174 0.357787 0.531986 0.358249 0.524766 0.355245 0.516102 0.347851 0.512780 0.343692 0.510036 0.337685 0.506715 0.331909 0.505704 0.327750 0.503827 0.322666 0.502527 0.318507 0.500939 0.313655 0.499639 0.309958 0.498917 0.284311 0.499495 0.270448
0 0.582667 0.450000 0.585453 0.451744 0.586301 0.456395 0.585938 0.462597 0.584847 0.467054 0.583394 0.469961 0.580971 0.473837 0.577943 0.477519 0.574673 0.479264 0.571766 0.479457 0.567648 0.475581 0.565225 0.471124 0.564741 0.469186 0.566073 0.466473 0.568253 0.464922 0.572129 0.463372 0.574915 0.460659 0.578791 0.455620 0.580850 0.452907
