0 0.559375 0.438125 0.548438 0.438125 0.547656 0.436875 0.546094 0.436875 0.543750 0.433125 0.542969 0.433125 0.539453 0.427500 0.539453 0.426250 0.538281 0.424375 0.537500 0.424375 0.534766 0.420000 0.534766 0.418750 0.533984 0.417500 0.533203 0.413750 0.532422 0.412500 0.532422 0.407500 0.531641 0.406250 0.531641 0.398750 0.530859 0.397500 0.530859 0.383750 0.530078 0.382500 0.530078 0.378750 0.530859 0.377500 0.530078 0.376250 0.530078 0.368750 0.530859 0.367500 0.530859 0.357500 0.531641 0.356250 0.531641 0.352500 0.532422 0.351250 0.532422 0.348750 0.533984 0.345000 0.533984 0.341250 0.534766 0.340000 0.534766 0.337500 0.535547 0.336250 0.535547 0.335000 0.537500 0.331875 0.540234 0.336250 0.540234 0.337500 0.541016 0.338750 0.541016 0.340000 0.541797 0.341250 0.542188 0.343125 0.542969 0.343125 0.546094 0.348125 0.548438 0.349375 0.550000 0.351875 0.552344 0.353125 0.554688 0.356875 0.557031 0.358125 0.558594 0.360625 0.560937 0.361875 0.561719 0.363125 0.564063 0.363125 0.564844 0.364375 0.570312 0.364375 0.571094 0.363125 0.576562 0.363125 0.576953 0.363750 0.576953 0.387500 0.576172 0.388750 0.576172 0.397500 0.575391 0.398750 0.575391 0.402500 0.574609 0.403750 0.574609 0.407500 0.573047 0.411250 0.573047 0.413750 0.571484 0.416250 0.571484 0.418750 0.570703 0.420000 0.570703 0.421250 0.569141 0.423750 0.569141 0.425000 0.562500 0.435625 0.561719 0.435625
0 0.570312 0.364375 0.566406 0.364375 0.565625 0.363125 0.563281 0.363125 0.562500 0.361875 0.560937 0.361875 0.558594 0.359375 0.557031 0.359375 0.554688 0.355625 0.553906 0.355625 0.551562 0.351875 0.550781 0.351875 0.550000 0.350625 0.549219 0.350625 0.544141 0.342500 0.544141 0.338750 0.542188 0.335625 0.541406 0.335625 0.541016 0.335000 0.541016 0.332500 0.538281 0.328125 0.537500 0.328125 0.537109 0.327500 0.537109 0.321250 0.536328 0.320000 0.536328 0.307500 0.537109 0.306250 0.537109 0.305000 0.539062 0.301875 0.539844 0.301875 0.540625 0.300625 0.541406 0.300625 0.543750 0.296875 0.545312 0.296875 0.545703 0.296250 0.545703 0.295000 0.546875 0.293125 0.547656 0.293125 0.548438 0.291875 0.549219 0.291875 0.550000 0.290625 0.550781 0.290625 0.551562 0.289375 0.553125 0.289375 0.553906 0.288125 0.554688 0.288125 0.556250 0.285625 0.557031 0.285625 0.557813 0.284375 0.558594 0.284375 0.559375 0.283125 0.560156 0.283125 0.560937 0.281875 0.562500 0.281875 0.563281 0.280625 0.564844 0.280625 0.565625 0.279375 0.566406 0.279375 0.568750 0.276875 0.569531 0.278125 0.571875 0.278125 0.572656 0.279375 0.574219 0.279375 0.575000 0.280625 0.575781 0.280625 0.577344 0.283125 0.578125 0.283125 0.582422 0.290000 0.582422 0.291250 0.583203 0.292500 0.583203 0.293750 0.584766 0.296250 0.584766 0.297500 0.586328 0.301250 0.586328 0.303750 0.587109 0.305000 0.587109 0.306250 0.587891 0.307500 0.587891 0.308750 0.588672 0.310000 0.588672 0.333750 0.587891 0.335000 0.587891 0.337500 0.586328 0.341250 0.586328 0.342500 0.584766 0.346250 0.584766 0.347500 0.580859 0.353750 0.580859 0.355000 0.576562 0.361875 0.575781 0.361875 0.575000 0.363125 0.571094 0.363125
0 0.529505 0.570487 0.514662 0.570487 0.512318 0.567987 0.510755 0.567987 0.501771 0.553612 0.501771 0.552362 0.500209 0.549862 0.500209 0.548612 0.499427 0.547362 0.499427 0.544862 0.498646 0.543612 0.498646 0.539862 0.497865 0.538612 0.497865 0.533612 0.497084 0.532362 0.497084 0.508612 0.497865 0.507362 0.497865 0.506112 0.498646 0.504862 0.499427 0.501112 0.500990 0.498612 0.501771 0.494862 0.509974 0.481737 0.510755 0.481737 0.511537 0.480487 0.513099 0.480487 0.513880 0.479237 0.516224 0.477987 0.517005 0.476737 0.519349 0.476737 0.520130 0.475487 0.522474 0.475487 0.523255 0.474237 0.524818 0.474237 0.525599 0.472987 0.534974 0.472987 0.535755 0.474237 0.538099 0.474237 0.538880 0.475487 0.540443 0.475487 0.541224 0.476737 0.542787 0.476737 0.543568 0.477987 0.545912 0.479237 0.547474 0.481737 0.548255 0.481737 0.549818 0.484237 0.550599 0.484237 0.552162 0.486737 0.552943 0.486737 0.556459 0.492362 0.556459 0.493612 0.558802 0.497362 0.558802 0.498612 0.559584 0.499862 0.559584 0.503612 0.560365 0.504862 0.560365 0.512362 0.561146 0.513612 0.561146 0.519862 0.561927 0.521112 0.561927 0.524862 0.562709 0.526112 0.562709 0.528612 0.561927 0.529862 0.561927 0.532362 0.561146 0.533612 0.561146 0.536112 0.560365 0.537362 0.560365 0.541112 0.559584 0.542362 0.559584 0.544862 0.558802 0.546112 0.558802 0.547362 0.557240 0.549862 0.557240 0.551112 0.554505 0.555487 0.553724 0.555487 0.552943 0.556737 0.549818 0.556737 0.549037 0.557987 0.546693 0.557987 0.545912 0.559237 0.544349 0.559237 0.543568 0.560487 0.542005 0.560487 0.541224 0.561737 0.539662 0.561737 0.538099 0.564237 0.536537 0.564237 0.535755 0.565487 0.534974 0.565487 0.534193 0.566737 0.533412 0.566737 0.532630 0.567987 0.531849 0.567987
0 0.460938 0.686875 0.447656 0.686875 0.446875 0.685625 0.443750 0.685625 0.442969 0.684375 0.441406 0.684375 0.440625 0.683125 0.439063 0.683125 0.438281 0.681875 0.437500 0.681875 0.435156 0.679375 0.434375 0.679375 0.432812 0.676875 0.432031 0.676875 0.428906 0.671875 0.428125 0.671875 0.427734 0.670000 0.426172 0.667500 0.426172 0.666250 0.423828 0.662500 0.423828 0.661250 0.423047 0.660000 0.423047 0.657500 0.422266 0.656250 0.422266 0.651250 0.421484 0.650000 0.421484 0.625000 0.422266 0.623750 0.422266 0.621250 0.423047 0.620000 0.423047 0.618750 0.423828 0.617500 0.424609 0.613750 0.427734 0.607500 0.428516 0.603750 0.430859 0.600000 0.431641 0.596250 0.432812 0.594375 0.433594 0.594375 0.438281 0.586875 0.439063 0.586875 0.442969 0.583125 0.444531 0.583125 0.445312 0.581875 0.446875 0.581875 0.447656 0.580625 0.449219 0.580625 0.450000 0.579375 0.453906 0.579375 0.454688 0.578125 0.464844 0.578125 0.465625 0.579375 0.468750 0.579375 0.469531 0.580625 0.471094 0.580625 0.471875 0.581875 0.473438 0.581875 0.474219 0.583125 0.475781 0.583125 0.476562 0.584375 0.478906 0.585625 0.481250 0.589375 0.482031 0.589375 0.488672 0.600000 0.488672 0.601250 0.490234 0.603750 0.490234 0.605000 0.491797 0.608750 0.491797 0.611250 0.492578 0.612500 0.492578 0.622500 0.493359 0.623750 0.493359 0.635000 0.491016 0.641250 0.491016 0.643750 0.490234 0.645000 0.490234 0.647500 0.488672 0.651250 0.488672 0.653750 0.487891 0.655000 0.487891 0.656250 0.486328 0.658750 0.485547 0.662500 0.483984 0.665000 0.483984 0.666250 0.478906 0.674375 0.478125 0.674375 0.474219 0.679375 0.473438 0.679375 0.472656 0.680625 0.471875 0.680625 0.469531 0.683125 0.468750 0.683125 0.467969 0.684375 0.466406 0.684375 0.465625 0.685625 0.461719 0.685625
0 0.448672 0.406500 0.443281 0.410250 0.439219 0.418625 0.438203 0.425500 0.438594 0.432875 0.441406 0.439000 0.445781 0.444500 0.451172 0.446750 0.457031 0.444500 0.460703 0.438625 0.463984 0.431750 0.464609 0.424125 0.464297 0.418375 0.461875 0.411750 0.457031 0.407250 0.451797 0.405875
0 0.452183 0.494939 0.443503 0.503884 0.435705 0.514713 0.433351 0.523658 0.431291 0.538489 0.431585 0.553084 0.433351 0.568385 0.434969 0.580391 0.437765 0.586276 0.445857 0.579685 0.451889 0.576624 0.456597 0.576389 0.467632 0.576860 0.471457 0.577801 0.473958 0.575212 0.479108 0.576153 0.483522 0.577801 0.487200 0.579449 0.486611 0.575918 0.484129 0.573341 0.483675 0.570867 0.486130 0.570576 0.488495 0.571886 0.491405 0.573778 0.493588 0.574942 0.493861 0.576979 0.495771 0.576251 0.496771 0.575378 0.497863 0.574505 0.499045 0.572614 0.499409 0.569267 0.499955 0.566647 0.500227 0.562573 0.500591 0.558935 0.500682 0.555733 0.500227 0.552823 0.499500 0.549040 0.499227 0.547293 0.498226 0.543073 0.496953 0.539144 0.496226 0.534197 0.496044 0.530850 0.495953 0.526630 0.495953 0.519354 0.495771 0.513824 0.495407 0.511350 0.494043 0.507858 0.490314 0.502183 0.486130 0.498108 0.478127 0.494616 0.471942 0.491269 0.466940 0.491414 0.459300 0.491414 0.454480 0.493015
0 0.530364 0.573704 0.525549 0.580882 0.521938 0.589986 0.518875 0.599265 0.517233 0.610994 0.516139 0.623424 0.517452 0.633578 0.520407 0.644608 0.523142 0.653536 0.529379 0.665966 0.533537 0.671744 0.540102 0.677346 0.547324 0.682598 0.556843 0.685574 0.564284 0.686625 0.570302 0.685224 0.563955 0.683473 0.557062 0.680497 0.557281 0.677171 0.561439 0.669993 0.564612 0.666842 0.568879 0.666492 0.571067 0.665791 0.569207 0.662465 0.566472 0.661064 0.565487 0.658263 0.565268 0.653711 0.565925 0.650560 0.568113 0.646884 0.570411 0.643732 0.573584 0.640756 0.575116 0.639356 0.579274 0.638831 0.585073 0.639531 0.585292 0.634804 0.587261 0.621499 0.589997 0.619923 0.592295 0.619923 0.593827 0.620098 0.596671 0.624300 0.597437 0.625525 0.598641 0.627101 0.599626 0.629727 0.601158 0.634279 0.601705 0.628852 0.601158 0.621674 0.601267 0.615546 0.600720 0.610469 0.599735 0.606092 0.598641 0.602416 0.598094 0.599265 0.595906 0.592612 0.594374 0.585959 0.590106 0.579832 0.582994 0.571078 0.577195 0.565476 0.571505 0.561975 0.562971 0.559349 0.556296 0.557948 0.549731 0.560049 0.542509 0.562675 0.534193 0.568978
0 0.543886 0.434642 0.533406 0.422637 0.522449 0.410442 0.505419 0.394627 0.496249 0.390816 0.489341 0.394436 0.482196 0.398819 0.479933 0.407774 0.478504 0.417302 0.478504 0.426067 0.481600 0.435785 0.485411 0.447790 0.491485 0.458270 0.496606 0.465701 0.502322 0.474657 0.508158 0.480564 0.511254 0.480183 0.516494 0.477134 0.521734 0.474276 0.526617 0.471799 0.533167 0.472180 0.539837 0.474848 0.544958 0.476562 0.548649 0.470084 0.545553 0.466845 0.537812 0.462462 0.528285 0.459032 0.529952 0.457698 0.534597 0.457127 0.538765 0.456936 0.544005 0.459794 0.546863 0.461128 0.549483 0.460938 0.549721 0.455030 0.549483 0.449123 0.546744 0.441692
0 0.450780 0.298917 0.439461 0.315734 0.434711 0.330935 0.431173 0.345003 0.430567 0.352765 0.433599 0.362306 0.436125 0.369906 0.439158 0.376698 0.445323 0.381226 0.450982 0.383328 0.454924 0.383651 0.458663 0.383490 0.466547 0.380741 0.472712 0.374596 0.478776 0.365378 0.483021 0.358425 0.484941 0.354382 0.492824 0.336594 0.493127 0.332067 0.491308 0.331420 0.487670 0.331258 0.485547 0.330126 0.484739 0.327539 0.486154 0.324790 0.487063 0.324790 0.489085 0.324951 0.490702 0.325113 0.492319 0.325760 0.493633 0.326083 0.494441 0.325598 0.495351 0.322526 0.495452 0.320585 0.495149 0.318483 0.495048 0.316866 0.495048 0.316058 0.494745 0.314926 0.494542 0.313147 0.493936 0.310236 0.493734 0.308781 0.493431 0.307487 0.492622 0.305547 0.491915 0.305061 0.490803 0.304415 0.489085 0.304415 0.488478 0.305061 0.488074 0.306840 0.487063 0.308781 0.486558 0.309266 0.485042 0.308781 0.483324 0.306032 0.483122 0.301666 0.484537 0.298431 0.486255 0.299240 0.488478 0.299725 0.489186 0.298917 0.489186 0.296329 0.486861 0.293742 0.484941 0.290346 0.480393 0.287274 0.475542 0.285333 0.470084 0.285171 0.462605 0.289376 0.457046 0.293095 0.453913 0.295521
0 0.534060 0.331096 0.533453 0.336756 0.533049 0.341607 0.531533 0.348723 0.530421 0.354221 0.529107 0.359557 0.526379 0.364570 0.518799 0.371200 0.511016 0.376698 0.508490 0.376698 0.502223 0.376213 0.497777 0.373625 0.492420 0.369421 0.487468 0.360527 0.485648 0.355191 0.487468 0.349369 0.490196 0.343224 0.492824 0.339505 0.493734 0.332875 0.494239 0.331258 0.496867 0.329156 0.499394 0.327377 0.502122 0.325113 0.505660 0.317190 0.507075 0.311368 0.509702 0.308781 0.513139 0.306193 0.515059 0.304738 0.516676 0.303444 0.518596 0.302312 0.519607 0.301504 0.520315 0.301504 0.522033 0.301827 0.523650 0.302959 0.526480 0.305061 0.527490 0.306840 0.529208 0.310560 0.530724 0.314926 0.532038 0.318483 0.532443 0.320747 0.529512 0.320262 0.526379 0.317998 0.523043 0.319130 0.523043 0.322688 0.524054 0.323981 0.526783 0.324951 0.528905 0.326083 0.530623 0.327701 0.532443 0.329156
0 0.494947 0.307649 0.496665 0.307164 0.499495 0.309913 0.500606 0.310721 0.501415 0.312177 0.501819 0.314279 0.501718 0.317028 0.501213 0.319130 0.499596 0.321071 0.497979 0.322688 0.496564 0.323334 0.496362 0.321232 0.496362 0.317028 0.495856 0.314279 0.495351 0.311691 0.494947 0.309589
0 0.500101 0.301989 0.502122 0.303929 0.503841 0.305061 0.506266 0.305223 0.508995 0.304091 0.510612 0.302474 0.509399 0.302151 0.506974 0.300534 0.504649 0.299402 0.501718 0.299725
0 0.562734 0.530250 0.565469 0.530250 0.567500 0.532500 0.571172 0.535500 0.572891 0.537875 0.574766 0.541000 0.577500 0.547125 0.577344 0.549125 0.575547 0.549375 0.574141 0.549875 0.573828 0.553750 0.574609 0.554250 0.575156 0.556125 0.573750 0.558000 0.573047 0.559625 0.571484 0.559750 0.566719 0.558375 0.564531 0.557875 0.562344 0.557250 0.557969 0.556250 0.555469 0.555875 0.555547 0.554500 0.557422 0.551875 0.558516 0.549250 0.559844 0.545875 0.560312 0.543375 0.560937 0.540250 0.561094 0.537750 0.562031 0.532625
