0 0.457245 0.579940 0.449237 0.590048 0.445321 0.595886 0.442919 0.603431 0.439716 0.613966 0.438470 0.623790 0.438470 0.633186 0.441050 0.648277 0.443364 0.657247 0.448614 0.667355 0.452529 0.672622 0.456800 0.679029 0.463295 0.685009 0.469880 0.689137 0.481537 0.689991 0.485185 0.688425 0.492659 0.684297 0.497286 0.678460 0.502803 0.670914 0.506451 0.661518 0.510633 0.650128 0.511879 0.636034 0.511434 0.620373 0.508142 0.608272 0.505561 0.600014 0.500756 0.593181 0.495862 0.586062 0.488210 0.579940 0.480469 0.575954 0.470948 0.573818 0.464007 0.575669 0.460804 0.577378
0 0.531365 0.551108 0.524695 0.554392 0.517639 0.559524 0.512379 0.565476 0.509172 0.573892 0.505067 0.586823 0.503913 0.593801 0.503784 0.597085 0.506093 0.600780 0.508146 0.607759 0.509557 0.611864 0.512123 0.619869 0.512764 0.629105 0.512379 0.639163 0.511738 0.644704 0.515073 0.651478 0.519307 0.654967 0.524823 0.659278 0.530852 0.661946 0.540987 0.660920 0.548427 0.658867 0.557151 0.647578 0.565361 0.629721 0.569209 0.613711 0.568696 0.595649 0.565617 0.581076 0.562025 0.568350 0.555996 0.561576 0.548940 0.556034 0.543552 0.552956 0.537267 0.551314 0.536882 0.551108
0 0.438463 0.618008 0.436680 0.606592 0.437473 0.583091 0.440383 0.569849 0.444294 0.559808 0.451115 0.549331 0.456936 0.541764 0.467668 0.534488 0.474580 0.533033 0.481856 0.536962 0.487767 0.540891 0.491405 0.544092 0.492406 0.546420 0.493588 0.548312 0.491496 0.549913 0.491042 0.555879 0.491860 0.562864 0.497317 0.564028 0.502501 0.559808 0.503138 0.563300 0.502319 0.574069 0.502228 0.578725 0.502501 0.586438 0.502228 0.590949 0.501592 0.592113 0.497954 0.588475 0.494589 0.584109 0.491042 0.580180 0.486676 0.577707 0.482674 0.576542 0.479764 0.575233 0.475035 0.573632 0.469941 0.573778 0.467759 0.574214 0.464939 0.575087 0.460210 0.577707 0.456026 0.579016 0.453571 0.581781 0.451388 0.584837 0.448114 0.590803 0.446386 0.593277 0.444658 0.595169 0.442930 0.603172 0.441474 0.607392 0.439928 0.611903
0 0.544247 0.547584 0.550886 0.548021 0.553614 0.550058 0.551977 0.551804 0.547794 0.552823 0.546247 0.553405 0.548885 0.555006 0.551704 0.556461 0.553341 0.557334 0.555524 0.559371 0.557616 0.562136 0.559981 0.564756 0.562436 0.567811 0.564255 0.572031 0.565892 0.579744 0.567529 0.583236 0.568621 0.588912 0.569076 0.595605 0.569167 0.599243 0.570349 0.598225 0.573805 0.589785 0.577261 0.577852 0.577807 0.573341 0.574623 0.582509 0.572623 0.583964 0.573168 0.578289 0.572350 0.573050 0.571895 0.569994 0.571167 0.567375 0.569348 0.565920 0.567166 0.565338 0.566074 0.564173 0.566620 0.561409 0.569076 0.558353 0.568712 0.556461 0.567439 0.554860 0.562709 0.556898 0.562800 0.549767 0.561800 0.547730 0.559617 0.547875 0.557798 0.544529 0.555797 0.542491 0.554979 0.539581 0.553160 0.537253 0.551977 0.536380 0.548248 0.536671 0.547339 0.537107 0.545520 0.538708 0.544610 0.540600 0.543792 0.543073 0.542882 0.545111 0.542246 0.547293
0 0.557343 0.530995 0.562982 0.536816 0.564619 0.539872 0.568712 0.541036 0.572077 0.545838 0.574714 0.548749 0.575624 0.552678 0.576351 0.554569 0.578534 0.559953 0.579262 0.555442 0.578625 0.549476 0.577261 0.544674 0.575078 0.540308 0.574260 0.537253 0.570804 0.532887 0.567529 0.530704 0.564437 0.529686 0.560345 0.529831
0 0.557707 0.492433 0.554160 0.495198 0.550704 0.501310 0.550067 0.508877 0.551159 0.516007 0.553251 0.522410 0.556616 0.527357 0.562163 0.528376 0.567802 0.527212 0.572077 0.523428 0.574805 0.513533 0.574442 0.505239 0.571986 0.498836 0.568803 0.493743 0.565620 0.492724 0.561709 0.491997
0 0.483584 0.470314 0.477854 0.479919 0.475489 0.486467 0.474671 0.495343 0.476854 0.510332 0.480310 0.521537 0.484311 0.530413 0.490314 0.538271 0.493770 0.543219 0.496589 0.543219 0.497681 0.540891 0.498863 0.539144 0.499318 0.535943 0.503320 0.531577 0.504320 0.530413 0.507685 0.525029 0.510959 0.522701 0.513415 0.521973 0.514597 0.523428 0.516325 0.524884 0.518508 0.524302 0.522783 0.527794 0.525511 0.527503 0.524784 0.521828 0.525784 0.519645 0.527239 0.519354 0.527694 0.517171 0.527603 0.513388 0.527057 0.509895 0.527694 0.507858 0.528603 0.507712 0.531423 0.509459 0.534879 0.512515 0.536061 0.512224 0.534424 0.507421 0.533697 0.505239 0.529786 0.501601 0.521509 0.489086 0.516780 0.483120 0.513961 0.480646 0.510777 0.480064 0.505502 0.480792 0.500409 0.479773 0.496680 0.479045 0.493588 0.478027 0.490405 0.476426 0.488313 0.474389 0.484948 0.471478
0 0.514062 0.480625 0.513281 0.480625 0.512500 0.479375 0.498437 0.479375 0.497656 0.478125 0.495312 0.478125 0.494531 0.476875 0.492969 0.476875 0.492188 0.475625 0.490625 0.475625 0.488281 0.473125 0.486719 0.473125 0.485938 0.471875 0.480469 0.468125 0.477734 0.463750 0.476953 0.460000 0.473828 0.455000 0.473828 0.453750 0.472266 0.451250 0.472266 0.450000 0.469922 0.446250 0.469922 0.445000 0.469141 0.443750 0.469141 0.441250 0.468359 0.440000 0.468359 0.436250 0.467578 0.435000 0.467578 0.431250 0.466797 0.430000 0.466797 0.408750 0.467578 0.407500 0.468359 0.401250 0.473828 0.385000 0.473828 0.383750 0.478125 0.376875 0.483594 0.373125 0.485156 0.370625 0.485938 0.370625 0.489844 0.366875 0.491406 0.366875 0.492188 0.365625 0.493750 0.365625 0.494531 0.364375 0.498437 0.364375 0.499219 0.363125 0.502344 0.363125 0.503125 0.361875 0.515625 0.361875 0.516406 0.363125 0.519531 0.363125 0.520312 0.364375 0.521875 0.364375 0.522656 0.365625 0.524219 0.365625 0.525000 0.366875 0.526563 0.366875 0.527344 0.368125 0.528125 0.368125 0.532813 0.374375 0.533594 0.374375 0.536328 0.378750 0.536328 0.380000 0.541797 0.390000 0.542578 0.393750 0.543359 0.395000 0.543359 0.397500 0.544141 0.398750 0.544141 0.402500 0.544922 0.403750 0.544922 0.406250 0.545703 0.407500 0.545703 0.411250 0.544922 0.412500 0.544922 0.413750 0.546484 0.417500 0.546484 0.420000 0.547266 0.421250 0.547266 0.428750 0.546484 0.430000 0.546484 0.435000 0.545703 0.436250 0.544922 0.442500 0.542578 0.447500 0.542578 0.450000 0.540234 0.455000 0.539453 0.458750 0.532031 0.469375 0.531250 0.469375 0.530469 0.470625 0.528906 0.470625 0.521875 0.476875 0.520312 0.476875 0.519531 0.478125 0.517188 0.478125 0.516406 0.479375 0.514844 0.479375
0 0.441257 0.401608 0.436950 0.407159 0.433839 0.414051 0.432762 0.419219 0.433241 0.426685 0.435634 0.433002 0.437667 0.435107 0.440300 0.436830 0.442333 0.438744 0.445324 0.440084 0.448076 0.440276 0.451905 0.437979 0.453580 0.435873 0.457169 0.428982 0.457767 0.426110 0.458485 0.421325 0.458605 0.415008 0.458844 0.409456 0.457647 0.405628 0.455374 0.404479 0.453221 0.402182 0.448674 0.399885 0.444487 0.399311
0 0.567357 0.281776 0.562931 0.284456 0.558025 0.288668 0.555393 0.293645 0.552163 0.293836 0.550847 0.293453 0.550129 0.299387 0.548933 0.302067 0.547497 0.304364 0.545583 0.305130 0.542353 0.305322 0.539721 0.303216 0.538644 0.301302 0.536730 0.305130 0.536730 0.312213 0.536490 0.321593 0.537926 0.330207 0.539840 0.337672 0.544386 0.347243 0.548215 0.353178 0.555154 0.359686 0.563768 0.361983 0.574775 0.358729 0.581714 0.352029 0.586619 0.337672 0.588414 0.325995 0.587577 0.304173 0.583868 0.292305 0.581595 0.284074 0.577766 0.279671 0.569750 0.277948
0 0.560937 0.426875 0.557031 0.426875 0.555859 0.425000 0.555859 0.422500 0.556641 0.421250 0.556641 0.413750 0.557422 0.412500 0.555469 0.409375 0.553906 0.409375 0.553125 0.408125 0.552344 0.408125 0.550000 0.405625 0.549219 0.405625 0.546094 0.400625 0.545312 0.400625 0.544922 0.400000 0.544922 0.397500 0.544141 0.396250 0.544141 0.393750 0.543359 0.392500 0.543359 0.391250 0.541016 0.387500 0.541016 0.386250 0.540234 0.385000 0.540234 0.383750 0.537109 0.378750 0.537109 0.377500 0.531641 0.368750 0.531641 0.363750 0.532422 0.362500 0.532422 0.361250 0.531641 0.360000 0.531641 0.352500 0.532422 0.351250 0.532422 0.347500 0.533203 0.346250 0.533203 0.345000 0.533984 0.343750 0.533984 0.342500 0.534766 0.341250 0.534766 0.338750 0.535547 0.337500 0.535547 0.335000 0.537500 0.331875 0.541797 0.338750 0.541797 0.340000 0.542578 0.341250 0.542578 0.342500 0.546094 0.348125 0.546875 0.348125 0.550781 0.354375 0.551562 0.354375 0.552344 0.355625 0.553125 0.355625 0.555078 0.358750 0.555078 0.360000 0.555859 0.361250 0.555859 0.362500 0.556250 0.363125 0.557031 0.363125 0.559375 0.365625 0.564063 0.365625 0.564844 0.364375 0.571094 0.364375 0.571875 0.363125 0.572656 0.363125 0.573438 0.364375 0.574219 0.364375 0.575391 0.366250 0.575391 0.368750 0.576172 0.370000 0.576172 0.371250 0.575391 0.372500 0.575391 0.380000 0.574609 0.381250 0.574609 0.392500 0.573828 0.393750 0.573828 0.401250 0.573047 0.402500 0.573047 0.408750 0.569922 0.413750 0.569922 0.415000 0.569141 0.416250 0.569141 0.421250 0.568750 0.421875 0.567969 0.421875 0.567187 0.423125 0.565625 0.423125 0.564844 0.424375 0.562500 0.424375
0 0.473580 0.284561 0.464056 0.286738 0.454985 0.293269 0.450336 0.297079 0.445233 0.303973 0.439790 0.311411 0.437523 0.316128 0.435028 0.322478 0.432534 0.331912 0.431400 0.340439 0.431173 0.347152 0.431513 0.353320 0.432874 0.359670 0.434348 0.365657 0.436729 0.371281 0.439677 0.374365 0.443872 0.377268 0.448748 0.381440 0.455778 0.385250 0.459407 0.381078 0.464282 0.375635 0.467684 0.372914 0.471199 0.370737 0.473013 0.369467 0.479930 0.361303 0.484126 0.356223 0.488888 0.349510 0.492063 0.339351 0.492970 0.333726 0.490815 0.331549 0.487074 0.331731 0.483332 0.330642 0.482538 0.326288 0.483672 0.325200 0.485940 0.324474 0.489568 0.324474 0.492403 0.325018 0.493423 0.325200 0.495124 0.323385 0.493083 0.317761 0.492403 0.313951 0.492176 0.307239 0.490929 0.303792 0.487414 0.303792 0.488548 0.308872 0.485940 0.309416 0.483218 0.309234 0.481744 0.303792 0.482765 0.300526 0.484352 0.299438 0.486960 0.298712 0.489568 0.299075 0.488888 0.295628 0.486620 0.293269 0.484919 0.291636 0.481064 0.287827 0.477436 0.285468
0 0.502948 0.322115 0.504422 0.318306 0.507937 0.312500 0.510318 0.309779 0.512019 0.308327 0.514967 0.306513 0.517802 0.305425 0.520410 0.303973 0.522224 0.303792 0.523812 0.304155 0.526987 0.307964 0.527667 0.309779 0.529141 0.312863 0.531409 0.318124 0.531862 0.319031 0.532883 0.322660 0.532202 0.323385 0.527100 0.322297 0.525399 0.323385 0.527554 0.325925 0.531522 0.326651 0.533336 0.329191 0.533450 0.332638 0.533110 0.335722 0.532429 0.339895 0.531749 0.344430 0.531069 0.348603 0.529254 0.352957 0.526306 0.359126 0.524605 0.361484 0.522338 0.363117 0.518369 0.362754 0.515648 0.362573 0.511679 0.362028 0.507144 0.360758 0.501134 0.362210 0.498072 0.362935 0.494331 0.363843 0.491382 0.364024 0.490362 0.364024 0.489568 0.363298 0.487867 0.360033 0.487074 0.357856 0.486620 0.354590 0.487300 0.352594 0.489001 0.350417 0.489682 0.347877 0.491042 0.344975 0.491609 0.341890 0.492063 0.339532 0.493423 0.335541 0.493877 0.333182 0.494104 0.330824 0.497619 0.328828 0.501247 0.324474
0 0.495124 0.306513 0.497279 0.308146 0.499887 0.311230 0.502154 0.313951 0.502495 0.316128 0.501701 0.319031 0.500000 0.321027 0.498639 0.321934 0.496938 0.322841 0.496372 0.322660 0.495351 0.320120 0.494104 0.316854 0.493423 0.312137 0.493083 0.307964
0 0.501247 0.303066 0.500000 0.301433 0.504876 0.298712 0.506463 0.298168 0.511792 0.297805 0.513607 0.297805 0.516782 0.298168 0.519390 0.299619 0.518029 0.300163 0.516555 0.301070 0.513833 0.302885 0.512019 0.303973 0.509638 0.305062 0.507710 0.305606 0.504989 0.305606 0.503288 0.305062
