0 0.543750 0.440625 0.532813 0.440625 0.532031 0.439375 0.528906 0.439375 0.528125 0.438125 0.525781 0.438125 0.524219 0.435625 0.523438 0.435625 0.521094 0.433125 0.519531 0.433125 0.518750 0.431875 0.516406 0.430625 0.514844 0.428125 0.514062 0.428125 0.513281 0.426875 0.511719 0.426875 0.510938 0.425625 0.508594 0.424375 0.506250 0.420625 0.505469 0.420625 0.503906 0.418125 0.501563 0.416875 0.498828 0.412500 0.498828 0.411250 0.489844 0.396875 0.487500 0.395625 0.485547 0.392500 0.485547 0.390000 0.483203 0.385000 0.483203 0.383750 0.480859 0.381250 0.480859 0.378750 0.477734 0.373750 0.477734 0.360000 0.478516 0.358750 0.478516 0.353750 0.480859 0.348750 0.480859 0.347500 0.483594 0.343125 0.485156 0.343125 0.489063 0.338125 0.489844 0.338125 0.493750 0.334375 0.496094 0.334375 0.496875 0.335625 0.508594 0.335625 0.509375 0.336875 0.512500 0.336875 0.513281 0.338125 0.514844 0.338125 0.515625 0.339375 0.517188 0.339375 0.517969 0.340625 0.519531 0.340625 0.520312 0.341875 0.522656 0.343125 0.524219 0.345625 0.529687 0.349375 0.531250 0.351875 0.532031 0.351875 0.533594 0.354375 0.534375 0.354375 0.543750 0.366875 0.546094 0.368125 0.553516 0.380000 0.553516 0.381250 0.557422 0.388750 0.557422 0.390000 0.558203 0.391250 0.558203 0.393750 0.558984 0.395000 0.558984 0.398750 0.559766 0.400000 0.559766 0.405000 0.560547 0.406250 0.560547 0.412500 0.559766 0.413750 0.559766 0.416250 0.558984 0.417500 0.558984 0.421250 0.556641 0.426250 0.556641 0.431250 0.555469 0.433125 0.553125 0.434375 0.551562 0.436875 0.550000 0.436875 0.549219 0.438125 0.547656 0.438125 0.546875 0.439375 0.544531 0.439375
0 0.479687 0.571875 0.466406 0.571875 0.465625 0.570625 0.461719 0.570625 0.460938 0.569375 0.454688 0.569375 0.453906 0.568125 0.450000 0.568125 0.449219 0.566875 0.446875 0.566875 0.445312 0.564375 0.442969 0.563125 0.437891 0.555000 0.437891 0.553750 0.436328 0.551250 0.436328 0.550000 0.433203 0.541250 0.433203 0.540000 0.431641 0.537500 0.431641 0.535000 0.430859 0.533750 0.430859 0.527500 0.430078 0.526250 0.430078 0.522500 0.429297 0.521250 0.429297 0.506250 0.428516 0.505000 0.428516 0.502500 0.429297 0.501250 0.429297 0.493750 0.430078 0.492500 0.430078 0.486250 0.430859 0.485000 0.430859 0.482500 0.431641 0.481250 0.431641 0.478750 0.433203 0.476250 0.433203 0.475000 0.434766 0.472500 0.434766 0.471250 0.437891 0.466250 0.437891 0.465000 0.443750 0.456875 0.444531 0.456875 0.446094 0.454375 0.446875 0.454375 0.449219 0.451875 0.450781 0.451875 0.451562 0.450625 0.454688 0.450625 0.455469 0.449375 0.457813 0.449375 0.458594 0.448125 0.464062 0.448125 0.464844 0.446875 0.469531 0.446875 0.470313 0.448125 0.473438 0.448125 0.474219 0.449375 0.475781 0.449375 0.476562 0.450625 0.478906 0.450625 0.481250 0.453125 0.482812 0.453125 0.484375 0.455625 0.485156 0.455625 0.489844 0.463125 0.490625 0.463125 0.491016 0.465000 0.494922 0.472500 0.494922 0.473750 0.497266 0.477500 0.498047 0.481250 0.498828 0.482500 0.498828 0.485000 0.499609 0.486250 0.499609 0.498750 0.498828 0.500000 0.498828 0.505000 0.498047 0.506250 0.498047 0.538750 0.497266 0.540000 0.497266 0.542500 0.496484 0.543750 0.495703 0.547500 0.494141 0.550000 0.494141 0.551250 0.491016 0.556250 0.491016 0.557500 0.489453 0.560000 0.489453 0.561250 0.488281 0.563125 0.485938 0.564375 0.483594 0.568125 0.482812 0.568125
0 0.521875 0.563125 0.519531 0.563125 0.518750 0.561875 0.517188 0.561875 0.516406 0.560625 0.515625 0.560625 0.514062 0.558125 0.513281 0.558125 0.512500 0.555625 0.510156 0.554375 0.507031 0.549375 0.506250 0.549375 0.505078 0.547500 0.505078 0.546250 0.502734 0.542500 0.502734 0.541250 0.501172 0.540000 0.501172 0.538750 0.499609 0.535000 0.499609 0.531250 0.498828 0.530000 0.498828 0.520000 0.498047 0.518750 0.498047 0.516250 0.498828 0.515000 0.498047 0.511250 0.498828 0.510000 0.498828 0.506250 0.499609 0.505000 0.499609 0.498750 0.500391 0.497500 0.500391 0.495000 0.501172 0.493750 0.501172 0.491250 0.502734 0.488750 0.503516 0.485000 0.507812 0.478125 0.508594 0.478125 0.510938 0.475625 0.511719 0.475625 0.514062 0.473125 0.515625 0.473125 0.517969 0.470625 0.519531 0.470625 0.520312 0.469375 0.522656 0.469375 0.523438 0.468125 0.528906 0.468125 0.529687 0.466875 0.530469 0.468125 0.536719 0.468125 0.537500 0.469375 0.540625 0.469375 0.541406 0.470625 0.543750 0.471875 0.544531 0.473125 0.546094 0.473125 0.546875 0.474375 0.549219 0.475625 0.550781 0.478125 0.551562 0.478125 0.554688 0.483125 0.555469 0.483125 0.558203 0.487500 0.558203 0.488750 0.559766 0.491250 0.559766 0.492500 0.560547 0.493750 0.560547 0.495000 0.562109 0.498750 0.562109 0.502500 0.563672 0.506250 0.563672 0.512500 0.564453 0.513750 0.564453 0.522500 0.561719 0.526875 0.556250 0.526875 0.555469 0.528125 0.550781 0.528125 0.550000 0.529375 0.546875 0.529375 0.546094 0.530625 0.543750 0.530625 0.542969 0.531875 0.541406 0.531875 0.540625 0.533125 0.539844 0.533125 0.537500 0.535625 0.536719 0.535625 0.534375 0.539375 0.533594 0.539375 0.531250 0.543125 0.530469 0.543125 0.528516 0.546250 0.528516 0.547500 0.525391 0.553750 0.525391 0.555000 0.524609 0.556250 0.523828 0.560000
0 0.569531 0.671875 0.565625 0.671875 0.564844 0.670625 0.563281 0.671875 0.559375 0.671875 0.558594 0.670625 0.554688 0.670625 0.553906 0.669375 0.551562 0.669375 0.537500 0.658125 0.533984 0.652500 0.533984 0.651250 0.532422 0.650000 0.530859 0.645000 0.526953 0.638750 0.526172 0.635000 0.523828 0.631250 0.523047 0.628750 0.523047 0.625000 0.521484 0.621250 0.521484 0.617500 0.520703 0.616250 0.520703 0.611250 0.518359 0.607500 0.518359 0.601250 0.517578 0.600000 0.518359 0.598750 0.518359 0.586250 0.519141 0.585000 0.519141 0.580000 0.519922 0.578750 0.520703 0.567500 0.524609 0.558750 0.525391 0.556250 0.525391 0.552500 0.526563 0.551875 0.526953 0.550000 0.528906 0.546875 0.530078 0.546250 0.531641 0.541250 0.532813 0.540625 0.535156 0.536875 0.541406 0.531875 0.542969 0.531875 0.543750 0.530625 0.546875 0.530625 0.547656 0.529375 0.550000 0.529375 0.550781 0.528125 0.555469 0.528125 0.556250 0.526875 0.560156 0.526875 0.560937 0.525625 0.561719 0.526875 0.565625 0.526875 0.566406 0.528125 0.568750 0.528125 0.571094 0.530625 0.574219 0.530625 0.577344 0.533125 0.582031 0.539375 0.582812 0.539375 0.587500 0.546875 0.588281 0.546875 0.592578 0.555000 0.593359 0.558750 0.594922 0.561250 0.596484 0.566250 0.596484 0.568750 0.598047 0.572500 0.598828 0.578750 0.600391 0.582500 0.600391 0.588750 0.601172 0.590000 0.601172 0.593750 0.601953 0.595000 0.601953 0.616250 0.601172 0.617500 0.601172 0.622500 0.600391 0.623750 0.600391 0.626250 0.596484 0.638750 0.594922 0.641250 0.594922 0.642500 0.591016 0.648750 0.591016 0.650000 0.584375 0.660625 0.582812 0.660625 0.581250 0.663125 0.579688 0.663125 0.575781 0.666875 0.574219 0.666875 0.571094 0.669375
0 0.507031 0.478125 0.506250 0.478125 0.503906 0.475625 0.502344 0.475625 0.500781 0.473125 0.500000 0.473125 0.495312 0.465625 0.494531 0.465625 0.493359 0.463750 0.493359 0.462500 0.484766 0.448750 0.484766 0.447500 0.481641 0.442500 0.481641 0.441250 0.478516 0.435000 0.478516 0.432500 0.476953 0.428750 0.476953 0.418750 0.477734 0.417500 0.477734 0.415000 0.478516 0.413750 0.478516 0.412500 0.482812 0.405625 0.484375 0.405625 0.486719 0.403125 0.488281 0.405625 0.489844 0.405625 0.490625 0.406875 0.492969 0.406875 0.493750 0.408125 0.494531 0.408125 0.497656 0.413125 0.498437 0.413125 0.498828 0.415000 0.500781 0.418125 0.503125 0.419375 0.504687 0.421875 0.507031 0.423125 0.508594 0.425625 0.510938 0.426875 0.511719 0.428125 0.512500 0.428125 0.514844 0.430625 0.516406 0.430625 0.517188 0.431875 0.517969 0.431875 0.518750 0.433125 0.519531 0.433125 0.521875 0.435625 0.522656 0.435625 0.524219 0.438125 0.525000 0.438125 0.525781 0.439375 0.528125 0.439375 0.530469 0.441875 0.532813 0.441875 0.533594 0.443125 0.535937 0.443125 0.536719 0.444375 0.537500 0.444375 0.538672 0.446250 0.538672 0.447500 0.539453 0.448750 0.539453 0.452500 0.538672 0.453750 0.538672 0.457500 0.537891 0.458750 0.537891 0.463750 0.537500 0.464375 0.536719 0.464375 0.535937 0.465625 0.532813 0.465625 0.532031 0.466875 0.525781 0.466875 0.525000 0.468125 0.521875 0.468125 0.521094 0.469375 0.519531 0.469375 0.518750 0.470625 0.517188 0.470625 0.514844 0.473125 0.513281 0.473125 0.512500 0.474375 0.511719 0.474375 0.510156 0.476875 0.507812 0.476875
0 0.475091 0.393310 0.480347 0.394086 0.484229 0.393957 0.485200 0.390463 0.482208 0.385546 0.478811 0.382182 0.476789 0.382829 0.474201 0.387746 0.474201 0.391757
0 0.454219 0.403500 0.449063 0.404250 0.443672 0.407250 0.440703 0.415125 0.440000 0.421250 0.439688 0.428375 0.442578 0.437125 0.447031 0.442625 0.454453 0.444250 0.456797 0.442125 0.456016 0.436750 0.454688 0.435000 0.445078 0.434250 0.442188 0.425000 0.445312 0.421625 0.451172 0.419000 0.453906 0.414875 0.455859 0.409750 0.456328 0.405125
0 0.423438 0.609375 0.427813 0.593625 0.433750 0.580625 0.443672 0.571250 0.449453 0.568625 0.457344 0.568625 0.464453 0.571250 0.470313 0.574375 0.476016 0.578250 0.480156 0.585625 0.483047 0.592625 0.487109 0.610625 0.487187 0.621625 0.486875 0.632375 0.482969 0.643500 0.477266 0.654500 0.472109 0.663125 0.463203 0.667250 0.454531 0.669625 0.447891 0.669000 0.448437 0.659250 0.451641 0.650000 0.445547 0.640875 0.442500 0.631500 0.441328 0.594500 0.438906 0.594250 0.437812 0.619500 0.437891 0.635875 0.434609 0.620125 0.428125 0.620375 0.421563 0.614625
0 0.518125 0.627625 0.513516 0.626625 0.506016 0.627750 0.500938 0.630375 0.500547 0.636500 0.504766 0.643750 0.507969 0.645625 0.511484 0.646375 0.508594 0.648250 0.504219 0.648625 0.500312 0.650750 0.503750 0.655625 0.506875 0.656000 0.508125 0.656750 0.507422 0.660250 0.508750 0.665000 0.509453 0.667875 0.508047 0.669625 0.504609 0.669500 0.501406 0.668375 0.498828 0.666250 0.496875 0.664250 0.494375 0.660375 0.493047 0.657750 0.491328 0.653375 0.489688 0.648875 0.488516 0.644750 0.487500 0.639500 0.487031 0.635500 0.486641 0.633000 0.487734 0.620500 0.490937 0.608500 0.495625 0.597500 0.501953 0.590875 0.508359 0.588125 0.515234 0.588125 0.517422 0.590125 0.517969 0.593375 0.518047 0.598500 0.517266 0.604500 0.517031 0.609750 0.517344 0.614375 0.519062 0.618375 0.519688 0.620625 0.519688 0.623875 0.518672 0.626000
0 0.490156 0.331875 0.480859 0.340500 0.479687 0.338625 0.480938 0.324375 0.482734 0.320250 0.485625 0.321500 0.487812 0.325000 0.489219 0.329125
0 0.495156 0.331375 0.505391 0.331875 0.514219 0.333250 0.524922 0.341875 0.528594 0.343375 0.531016 0.342250 0.530703 0.335000 0.529453 0.332000 0.526406 0.331125 0.521953 0.329250 0.520469 0.325125 0.520859 0.321125 0.522188 0.319250 0.522734 0.318250 0.521641 0.315625 0.520547 0.311875 0.518984 0.307000 0.517500 0.302375 0.516250 0.300125 0.513750 0.299125 0.508828 0.299625 0.504297 0.300750 0.502188 0.301250 0.498359 0.302875 0.494922 0.304000 0.491250 0.306750 0.488203 0.308875 0.484922 0.312250 0.483672 0.315500 0.486406 0.317000 0.489531 0.320500 0.491641 0.324000 0.492969 0.328500 0.493125 0.330875
0 0.522422 0.305250 0.527656 0.314875 0.530859 0.322375 0.530234 0.327000 0.526953 0.321375 0.524219 0.316375 0.522188 0.309000 0.521641 0.305625
0 0.531484 0.328000 0.539766 0.322750 0.539844 0.326875 0.536406 0.328875 0.534766 0.330000 0.537813 0.331250 0.540234 0.333875 0.542188 0.336875 0.541328 0.339000 0.538828 0.339250 0.536797 0.337875 0.535313 0.336500 0.533359 0.335000 0.531953 0.335000 0.531484 0.338125 0.531250 0.341750 0.530313 0.344375 0.529375 0.345375 0.530391 0.349500 0.532734 0.351875 0.533672 0.353250 0.536641 0.356375 0.538203 0.358375 0.541094 0.361500 0.544297 0.367000 0.547344 0.369875 0.550234 0.375125 0.553672 0.380625 0.557422 0.389625 0.558750 0.393750 0.560391 0.399125 0.560078 0.408250 0.560547 0.413000 0.559297 0.419500 0.557109 0.425000 0.554531 0.433000 0.552656 0.435625 0.555313 0.436125 0.557891 0.434875 0.561328 0.432500 0.563828 0.428000 0.567344 0.423000 0.569766 0.412250 0.570938 0.407125 0.571641 0.401750 0.573906 0.378125 0.574141 0.368250 0.573984 0.347000 0.572578 0.331375 0.569141 0.316875 0.562344 0.308125 0.555078 0.303250 0.548594 0.303000 0.543906 0.306250 0.539297 0.311000 0.536016 0.318125 0.533828 0.322125
