0 0.552344 0.391875 0.540625 0.391875 0.539844 0.390625 0.536719 0.390625 0.535937 0.389375 0.533594 0.389375 0.532813 0.388125 0.531250 0.388125 0.530469 0.386875 0.528906 0.386875 0.528125 0.385625 0.525781 0.384375 0.524219 0.381875 0.518750 0.378125 0.513281 0.370625 0.512500 0.370625 0.512109 0.368750 0.508984 0.363750 0.508203 0.360000 0.505078 0.353750 0.504297 0.350000 0.503516 0.348750 0.503516 0.342500 0.501172 0.336250 0.501172 0.316250 0.501953 0.315000 0.501953 0.312500 0.502734 0.311250 0.502734 0.305000 0.503516 0.303750 0.503516 0.300000 0.504297 0.298750 0.507422 0.287500 0.516406 0.274375 0.517188 0.274375 0.523438 0.266875 0.524219 0.266875 0.525000 0.265625 0.526563 0.265625 0.528906 0.263125 0.531250 0.263125 0.532031 0.261875 0.535937 0.261875 0.536719 0.260625 0.541406 0.260625 0.542188 0.261875 0.550000 0.261875 0.550781 0.263125 0.553906 0.263125 0.554688 0.264375 0.556250 0.264375 0.557031 0.265625 0.560937 0.266875 0.561719 0.268125 0.564063 0.269375 0.565625 0.271875 0.566406 0.271875 0.567187 0.273125 0.568750 0.273125 0.573438 0.280625 0.574219 0.280625 0.580859 0.292500 0.581641 0.296250 0.583984 0.302500 0.584766 0.311250 0.585547 0.312500 0.585547 0.327500 0.586328 0.328750 0.586328 0.331250 0.585547 0.332500 0.585547 0.346250 0.584766 0.347500 0.584766 0.351250 0.583984 0.352500 0.583984 0.356250 0.583203 0.357500 0.583203 0.358750 0.579297 0.363750 0.578516 0.367500 0.571875 0.379375 0.567969 0.381875 0.566406 0.384375 0.565625 0.384375 0.563281 0.386875 0.561719 0.386875 0.560937 0.388125 0.559375 0.388125 0.558594 0.389375 0.557031 0.389375 0.556250 0.390625 0.553125 0.390625
0 0.590625 0.409375 0.587500 0.409375 0.586719 0.408125 0.584375 0.408125 0.583594 0.406875 0.582812 0.406875 0.581250 0.404375 0.580469 0.404375 0.579688 0.403125 0.578906 0.403125 0.578125 0.401875 0.577344 0.401875 0.576172 0.400000 0.576172 0.398750 0.575391 0.397500 0.575391 0.396250 0.573828 0.393750 0.573828 0.390000 0.573047 0.388750 0.573047 0.381250 0.573828 0.380000 0.573828 0.378750 0.574609 0.377500 0.574609 0.376250 0.575391 0.375000 0.575391 0.373750 0.582031 0.363125 0.582812 0.363125 0.583594 0.361875 0.592187 0.361875 0.592969 0.363125 0.594531 0.363125 0.595313 0.364375 0.596875 0.364375 0.601172 0.371250 0.601172 0.372500 0.601953 0.373750 0.601953 0.376250 0.602734 0.377500 0.602734 0.390000 0.601953 0.391250 0.601953 0.395000 0.601172 0.396250 0.601172 0.397500 0.600391 0.398750 0.600391 0.400000 0.598437 0.403125 0.597656 0.403125 0.596094 0.405625 0.595313 0.405625 0.594531 0.406875 0.593750 0.406875 0.592969 0.408125 0.591406 0.408125
0 0.480469 0.446875 0.470313 0.446875 0.469531 0.445625 0.467969 0.445625 0.467187 0.444375 0.465625 0.444375 0.464844 0.443125 0.462500 0.443125 0.459375 0.439375 0.457813 0.439375 0.457031 0.438125 0.454688 0.436875 0.453125 0.434375 0.450781 0.433125 0.449609 0.431250 0.449609 0.430000 0.447266 0.426250 0.447266 0.425000 0.446484 0.423750 0.446484 0.422500 0.441797 0.408750 0.442578 0.405000 0.441016 0.401250 0.441016 0.388750 0.440234 0.387500 0.440234 0.383750 0.441016 0.382500 0.441016 0.375000 0.441797 0.373750 0.441016 0.372500 0.441016 0.368750 0.441797 0.367500 0.441797 0.361250 0.442578 0.360000 0.442578 0.355000 0.444922 0.350000 0.444922 0.348750 0.446484 0.346250 0.446484 0.345000 0.447656 0.343125 0.448437 0.343125 0.454688 0.333125 0.455469 0.333125 0.457031 0.330625 0.457813 0.330625 0.460156 0.326875 0.460938 0.326875 0.461719 0.325625 0.464062 0.325625 0.464844 0.324375 0.467969 0.324375 0.468750 0.323125 0.472656 0.323125 0.475000 0.320625 0.475781 0.321875 0.478906 0.321875 0.479687 0.323125 0.483594 0.323125 0.484375 0.324375 0.487500 0.324375 0.488281 0.325625 0.489844 0.325625 0.490625 0.326875 0.491406 0.326875 0.495312 0.333125 0.496094 0.333125 0.498828 0.338750 0.501172 0.347500 0.504297 0.353750 0.506641 0.362500 0.508984 0.366250 0.508984 0.367500 0.510547 0.371250 0.510547 0.390000 0.509766 0.391250 0.509766 0.398750 0.508984 0.400000 0.508984 0.408750 0.508203 0.410000 0.508203 0.412500 0.507422 0.413750 0.507422 0.415000 0.506641 0.416250 0.506641 0.418750 0.501172 0.426250 0.501172 0.427500 0.496094 0.436875 0.495312 0.436875 0.489844 0.441875 0.487500 0.441875 0.483594 0.445625 0.481250 0.445625
0 0.573438 0.618125 0.564844 0.618125 0.563281 0.615625 0.562500 0.615625 0.560937 0.613125 0.560156 0.613125 0.557813 0.610625 0.556250 0.610625 0.555469 0.609375 0.554688 0.609375 0.553125 0.606875 0.552344 0.606875 0.550781 0.604375 0.550000 0.604375 0.545703 0.597500 0.545703 0.596250 0.541406 0.589375 0.540625 0.589375 0.539062 0.586875 0.538281 0.586875 0.537109 0.585000 0.537109 0.583750 0.537891 0.582500 0.537891 0.580000 0.537109 0.578750 0.537109 0.568750 0.538672 0.565000 0.538672 0.561250 0.539062 0.560625 0.539844 0.560625 0.541797 0.557500 0.541797 0.556250 0.542578 0.555000 0.542578 0.553750 0.544531 0.550625 0.545312 0.550625 0.545703 0.550000 0.545703 0.548750 0.544922 0.547500 0.544922 0.545000 0.545312 0.544375 0.546094 0.544375 0.546875 0.543125 0.549219 0.543125 0.550391 0.541250 0.549219 0.539375 0.545312 0.539375 0.544922 0.538750 0.544922 0.537500 0.544141 0.536250 0.544141 0.533750 0.546484 0.530000 0.546484 0.528750 0.547266 0.527500 0.547266 0.526250 0.547656 0.525625 0.548438 0.525625 0.549219 0.524375 0.550000 0.524375 0.550781 0.523125 0.551562 0.523125 0.553125 0.520625 0.557031 0.520625 0.557813 0.521875 0.560937 0.521875 0.561719 0.523125 0.563281 0.523125 0.564063 0.524375 0.567969 0.524375 0.568750 0.525625 0.572656 0.525625 0.574219 0.528125 0.575000 0.528125 0.575781 0.529375 0.576562 0.529375 0.581250 0.536875 0.582031 0.536875 0.584766 0.541250 0.584766 0.543750 0.586328 0.546250 0.586328 0.547500 0.588672 0.551250 0.588672 0.552500 0.589453 0.553750 0.589453 0.556250 0.591016 0.560000 0.591016 0.562500 0.592578 0.566250 0.592578 0.587500 0.591797 0.588750 0.591797 0.593750 0.591016 0.595000 0.591016 0.596250 0.589453 0.598750 0.589453 0.600000 0.587891 0.602500 0.587891 0.603750 0.583594 0.610625 0.582812 0.610625 0.581250 0.613125 0.580469 0.613125 0.578125 0.615625 0.576562 0.615625 0.575781 0.616875 0.574219 0.616875
0 0.521875 0.586875 0.515625 0.586875 0.514844 0.585625 0.514062 0.585625 0.510156 0.579375 0.509375 0.579375 0.508203 0.577500 0.508203 0.576250 0.505078 0.571250 0.505078 0.570000 0.503906 0.568125 0.503125 0.568125 0.501172 0.565000 0.501172 0.563750 0.500391 0.562500 0.500391 0.561250 0.499219 0.559375 0.498437 0.559375 0.496875 0.556875 0.496094 0.556875 0.493750 0.554375 0.492969 0.554375 0.491797 0.552500 0.491797 0.551250 0.489453 0.547500 0.489453 0.546250 0.488672 0.545000 0.488672 0.538750 0.487891 0.537500 0.487891 0.531250 0.487109 0.530000 0.487109 0.523750 0.487891 0.522500 0.487891 0.516250 0.489453 0.512500 0.489453 0.511250 0.491016 0.508750 0.491016 0.507500 0.493750 0.503125 0.494531 0.503125 0.495312 0.500625 0.496094 0.500625 0.498437 0.498125 0.510156 0.498125 0.510938 0.499375 0.514062 0.499375 0.514844 0.500625 0.517969 0.500625 0.520312 0.503125 0.521875 0.503125 0.523438 0.505625 0.524219 0.505625 0.527344 0.510625 0.528125 0.510625 0.532422 0.517500 0.532422 0.518750 0.534766 0.522500 0.534766 0.523750 0.536328 0.526250 0.536328 0.528750 0.537109 0.530000 0.537109 0.531250 0.537891 0.532500 0.537891 0.533750 0.538672 0.535000 0.538672 0.536250 0.539453 0.537500 0.539453 0.542500 0.538672 0.543750 0.538672 0.546250 0.537891 0.547500 0.537891 0.551250 0.534766 0.556250 0.534766 0.557500 0.533984 0.558750 0.533984 0.561250 0.533203 0.562500 0.533203 0.573750 0.532422 0.575000 0.532422 0.576250 0.530469 0.579375 0.529687 0.579375 0.528125 0.581875 0.527344 0.581875 0.526563 0.583125 0.525781 0.583125 0.525000 0.584375 0.524219 0.584375 0.523438 0.585625 0.522656 0.585625
0 0.533594 0.505625 0.527344 0.505625 0.525000 0.503125 0.523438 0.503125 0.522656 0.501875 0.521094 0.501875 0.520312 0.500625 0.518750 0.500625 0.516406 0.498125 0.512500 0.498125 0.511719 0.496875 0.499219 0.496875 0.498437 0.495625 0.496875 0.495625 0.496094 0.494375 0.495312 0.494375 0.493359 0.491250 0.493359 0.490000 0.492578 0.488750 0.492578 0.487500 0.491797 0.486250 0.491797 0.483750 0.490234 0.480000 0.490234 0.477500 0.489453 0.476250 0.489453 0.472500 0.488672 0.471250 0.489453 0.470000 0.489453 0.460000 0.490234 0.458750 0.490234 0.453750 0.491016 0.452500 0.491016 0.450000 0.491797 0.448750 0.491797 0.447500 0.492578 0.446250 0.492578 0.445000 0.493359 0.443750 0.493359 0.442500 0.494141 0.441250 0.494141 0.440000 0.494531 0.439375 0.495312 0.439375 0.497656 0.436875 0.498437 0.436875 0.500391 0.433750 0.500391 0.432500 0.500781 0.431875 0.501563 0.431875 0.504687 0.426875 0.505469 0.426875 0.507031 0.424375 0.507812 0.424375 0.510156 0.421875 0.511719 0.421875 0.512500 0.420625 0.515625 0.420625 0.516406 0.419375 0.521875 0.419375 0.522656 0.420625 0.523438 0.420625 0.524219 0.421875 0.525000 0.421875 0.526172 0.423750 0.526172 0.427500 0.527344 0.429375 0.528125 0.429375 0.528516 0.430000 0.529297 0.431250 0.529297 0.432500 0.529687 0.433125 0.530469 0.431875 0.532031 0.431875 0.532813 0.430625 0.533594 0.430625 0.534766 0.432500 0.534766 0.436250 0.536328 0.438750 0.536328 0.440000 0.536719 0.440625 0.537500 0.440625 0.539453 0.443750 0.539453 0.446250 0.540234 0.447500 0.540234 0.448750 0.541797 0.452500 0.541797 0.455000 0.542578 0.456250 0.542578 0.458750 0.543359 0.460000 0.543359 0.470000 0.544141 0.471250 0.544141 0.487500 0.543359 0.488750 0.543359 0.491250 0.542578 0.492500 0.542578 0.493750 0.541016 0.496250 0.541016 0.497500 0.539844 0.499375 0.539062 0.499375 0.537500 0.501875 0.536719 0.501875 0.535937 0.503125 0.535156 0.503125
0 0.573438 0.524375 0.567187 0.524375 0.566406 0.523125 0.564063 0.523125 0.561719 0.520625 0.557813 0.519375 0.555469 0.516875 0.554688 0.516875 0.550391 0.510000 0.550391 0.508750 0.548047 0.502500 0.548047 0.498750 0.547266 0.497500 0.547266 0.492500 0.546484 0.491250 0.546484 0.486250 0.545703 0.485000 0.545703 0.481250 0.544922 0.480000 0.544922 0.467500 0.544141 0.466250 0.544141 0.458750 0.543359 0.457500 0.543359 0.450000 0.542578 0.448750 0.542578 0.446250 0.541797 0.445000 0.541797 0.438750 0.542578 0.437500 0.542578 0.433750 0.541797 0.432500 0.542578 0.431250 0.542578 0.416250 0.543359 0.415000 0.543359 0.413750 0.546484 0.410000 0.546484 0.407500 0.544141 0.405000 0.545312 0.404375 0.547266 0.401250 0.547266 0.398750 0.549609 0.396250 0.550000 0.393125 0.553125 0.393125 0.553906 0.391875 0.559375 0.390625 0.561719 0.388125 0.564063 0.388125 0.564844 0.386875 0.566406 0.386875 0.567187 0.385625 0.571875 0.385625 0.573047 0.387500 0.573047 0.390000 0.574609 0.392500 0.575391 0.396250 0.580078 0.403750 0.580469 0.405625 0.583594 0.405625 0.584375 0.406875 0.585938 0.406875 0.586719 0.408125 0.589063 0.409375 0.591016 0.412500 0.591016 0.415000 0.591797 0.416250 0.591797 0.420000 0.592578 0.421250 0.592578 0.426250 0.593359 0.427500 0.593359 0.433750 0.594141 0.435000 0.594141 0.438750 0.593359 0.440000 0.593359 0.441250 0.594141 0.442500 0.594141 0.478750 0.593359 0.480000 0.592578 0.491250 0.591016 0.495000 0.591016 0.497500 0.589453 0.500000 0.588672 0.503750 0.587109 0.506250 0.585547 0.512500 0.580469 0.520625 0.578906 0.520625 0.576562 0.523125 0.574219 0.523125
0 0.484375 0.656875 0.478906 0.656875 0.478125 0.655625 0.474219 0.655625 0.472656 0.653125 0.471094 0.653125 0.465234 0.643750 0.465234 0.641250 0.463672 0.638750 0.463672 0.637500 0.462891 0.636250 0.462891 0.632500 0.462109 0.631250 0.462109 0.630000 0.460547 0.627500 0.460547 0.626250 0.461328 0.625000 0.461328 0.615000 0.462109 0.613750 0.462109 0.610000 0.462891 0.608750 0.462891 0.606250 0.463672 0.605000 0.463672 0.603750 0.467969 0.596875 0.468750 0.596875 0.469531 0.595625 0.471094 0.595625 0.471875 0.594375 0.473438 0.594375 0.474219 0.593125 0.490625 0.593125 0.491406 0.594375 0.493750 0.594375 0.494531 0.595625 0.496094 0.595625 0.496875 0.596875 0.497656 0.596875 0.498437 0.598125 0.500000 0.598125 0.502344 0.601875 0.503125 0.601875 0.503906 0.603125 0.504687 0.603125 0.505469 0.604375 0.506250 0.604375 0.507031 0.605625 0.508594 0.605625 0.508984 0.606250 0.508984 0.607500 0.509766 0.608750 0.509766 0.613750 0.510547 0.615000 0.510547 0.616250 0.509766 0.617500 0.509766 0.620000 0.508984 0.621250 0.508984 0.623750 0.508203 0.625000 0.508203 0.626250 0.507422 0.627500 0.507422 0.628750 0.506641 0.630000 0.506641 0.632500 0.504297 0.636250 0.504297 0.637500 0.503516 0.638750 0.503516 0.640000 0.500391 0.645000 0.500391 0.646250 0.499219 0.648125 0.498437 0.648125 0.496875 0.650625 0.496094 0.650625 0.495312 0.651875 0.493750 0.651875 0.492969 0.653125 0.492188 0.653125 0.491406 0.654375 0.489063 0.654375 0.488281 0.655625 0.485156 0.655625
0 0.550781 0.643125 0.544531 0.643125 0.543750 0.641875 0.541406 0.641875 0.540625 0.640625 0.539844 0.640625 0.538281 0.638125 0.537500 0.638125 0.531641 0.628750 0.531641 0.627500 0.530078 0.625000 0.530078 0.623750 0.529297 0.622500 0.529297 0.621250 0.528516 0.620000 0.528516 0.617500 0.527734 0.616250 0.527734 0.615000 0.526953 0.613750 0.526953 0.611250 0.526172 0.610000 0.526172 0.607500 0.525391 0.606250 0.525391 0.603750 0.524609 0.602500 0.524609 0.593750 0.523828 0.592500 0.523828 0.588750 0.526563 0.584375 0.527344 0.584375 0.528906 0.581875 0.532813 0.581875 0.533203 0.582500 0.533203 0.585000 0.533594 0.585625 0.534375 0.584375 0.535156 0.584375 0.535937 0.583125 0.537500 0.583125 0.538672 0.585000 0.538672 0.586250 0.539844 0.588125 0.540625 0.588125 0.541406 0.589375 0.542188 0.589375 0.544922 0.593750 0.544922 0.596250 0.545312 0.596875 0.546094 0.596875 0.549219 0.601875 0.550000 0.601875 0.552344 0.605625 0.553125 0.605625 0.554688 0.608125 0.555469 0.608125 0.557031 0.610625 0.557813 0.610625 0.558594 0.611875 0.559375 0.611875 0.560156 0.613125 0.560937 0.613125 0.561719 0.614375 0.562500 0.614375 0.563281 0.615625 0.564063 0.615625 0.566016 0.618750 0.566016 0.621250 0.565234 0.622500 0.565234 0.625000 0.563672 0.627500 0.563672 0.628750 0.557031 0.639375 0.556250 0.639375 0.555469 0.640625 0.554688 0.640625 0.553906 0.641875 0.551562 0.641875
0 0.533461 0.514656 0.539668 0.511022 0.545119 0.511022 0.549661 0.513687 0.552235 0.517078 0.552689 0.518290 0.550569 0.520954 0.545876 0.526768 0.544664 0.530160 0.543150 0.534520 0.542091 0.536943 0.541182 0.536458 0.540425 0.534278 0.538911 0.530644 0.538003 0.528222 0.537548 0.525557 0.536791 0.523135 0.535429 0.520712 0.534823 0.519259 0.533915 0.517321
0 0.439135 0.545664 0.442466 0.554385 0.445948 0.560925 0.448674 0.566982 0.450339 0.577156 0.452913 0.588542 0.453821 0.600412 0.454276 0.610102 0.455638 0.620761 0.458061 0.626332 0.459272 0.628755 0.459726 0.631177 0.459878 0.632873 0.453367 0.630935 0.447917 0.624152 0.439741 0.614462 0.435199 0.597989 0.432171 0.574734 0.433836 0.560199
0 0.454276 0.519259 0.459726 0.532582 0.466994 0.537185 0.477289 0.542030 0.486222 0.552204 0.485162 0.548328 0.484859 0.534278 0.485617 0.522650 0.486071 0.519743 0.477743 0.517563 0.467145 0.517321 0.457455 0.517321
