0 0.576059 0.502481 0.575278 0.502481 0.574497 0.501231 0.565122 0.501231 0.564340 0.499981 0.561215 0.499981 0.560434 0.498731 0.557309 0.498731 0.556528 0.497481 0.555747 0.497481 0.551840 0.493731 0.550278 0.493731 0.549497 0.492481 0.546372 0.492481 0.544809 0.489981 0.544028 0.489981 0.541684 0.486231 0.540903 0.486231 0.533481 0.474356 0.533481 0.473106 0.532700 0.471856 0.532700 0.466856 0.531137 0.463106 0.531918 0.461856 0.531918 0.458106 0.531137 0.456856 0.531137 0.453106 0.531918 0.451856 0.531918 0.443106 0.532700 0.441856 0.532700 0.434356 0.533481 0.433106 0.533481 0.430606 0.535825 0.424356 0.535825 0.420606 0.536606 0.419356 0.536606 0.418106 0.538168 0.415606 0.538168 0.414356 0.539731 0.411856 0.539731 0.410606 0.547153 0.398731 0.547934 0.398731 0.549497 0.396231 0.550278 0.396231 0.552622 0.393731 0.553403 0.393731 0.554965 0.391231 0.555747 0.391231 0.556528 0.389981 0.558872 0.389981 0.559653 0.388731 0.562778 0.388731 0.563559 0.387481 0.576059 0.387481 0.576840 0.388731 0.579965 0.388731 0.582309 0.391231 0.583872 0.391231 0.585434 0.393731 0.586215 0.393731 0.586997 0.394981 0.587778 0.394981 0.589340 0.397481 0.590122 0.397481 0.595200 0.405606 0.595200 0.406856 0.596762 0.409356 0.596762 0.410606 0.599106 0.416856 0.599106 0.419356 0.599887 0.420606 0.599887 0.423106 0.600668 0.424356 0.600668 0.430606 0.601450 0.431856 0.601450 0.436856 0.602231 0.438106 0.602231 0.440606 0.601450 0.441856 0.601450 0.453106 0.600668 0.454356 0.600668 0.458106 0.599887 0.459356 0.599887 0.461856 0.599106 0.463106 0.599106 0.465606 0.597543 0.469356 0.596762 0.473106 0.595200 0.476856 0.595200 0.478106 0.593637 0.480606 0.593637 0.481856 0.584262 0.496856 0.583872 0.498731 0.583090 0.498731 0.582309 0.499981 0.580747 0.499981 0.579965 0.501231 0.576840 0.501231
0 0.569531 0.360625 0.565625 0.360625 0.564844 0.359375 0.564063 0.360625 0.560937 0.360625 0.560156 0.359375 0.557813 0.359375 0.555469 0.355625 0.554688 0.355625 0.553906 0.354375 0.553125 0.354375 0.551562 0.351875 0.550000 0.351875 0.543359 0.341250 0.543359 0.340000 0.539453 0.333750 0.539453 0.332500 0.537891 0.330000 0.537891 0.328750 0.537109 0.327500 0.537109 0.323750 0.536328 0.322500 0.536328 0.306250 0.537109 0.305000 0.537109 0.300000 0.537891 0.298750 0.537891 0.297500 0.539453 0.295000 0.539453 0.293750 0.541016 0.291250 0.541016 0.290000 0.542969 0.286875 0.543750 0.286875 0.544922 0.285000 0.544922 0.283750 0.545312 0.283125 0.546875 0.283125 0.547656 0.281875 0.549219 0.281875 0.550000 0.280625 0.550781 0.280625 0.551562 0.279375 0.552344 0.279375 0.553125 0.278125 0.553906 0.278125 0.554688 0.276875 0.556250 0.276875 0.557031 0.275625 0.567969 0.275625 0.568750 0.276875 0.569531 0.276875 0.570312 0.278125 0.571094 0.278125 0.571875 0.279375 0.572656 0.279375 0.573438 0.280625 0.574219 0.280625 0.575781 0.283125 0.576562 0.283125 0.579688 0.288125 0.580469 0.288125 0.583203 0.292500 0.583203 0.293750 0.585547 0.297500 0.585547 0.298750 0.586328 0.300000 0.586328 0.301250 0.587109 0.302500 0.587109 0.303750 0.587891 0.305000 0.587891 0.306250 0.588672 0.307500 0.588672 0.312500 0.589453 0.313750 0.589453 0.320000 0.588672 0.321250 0.588672 0.330000 0.587891 0.331250 0.587891 0.333750 0.587109 0.335000 0.587109 0.336250 0.586328 0.337500 0.586328 0.338750 0.584766 0.341250 0.584766 0.342500 0.581641 0.347500 0.581641 0.348750 0.579688 0.351875 0.578906 0.351875 0.578516 0.352500 0.578516 0.353750 0.576953 0.356250 0.576953 0.357500 0.576562 0.358125 0.575000 0.358125 0.574219 0.359375 0.570312 0.359375
0 0.436894 0.309233 0.430438 0.320616 0.426881 0.336214 0.425037 0.351180 0.425169 0.365725 0.427540 0.385540 0.431624 0.396712 0.440319 0.410413 0.450595 0.418634 0.457051 0.421585 0.462848 0.418212 0.466010 0.415472 0.466668 0.407673 0.467459 0.400084 0.465351 0.397555 0.459686 0.392917 0.452967 0.388491 0.444535 0.383432 0.443349 0.379427 0.447302 0.379848 0.453889 0.383432 0.459422 0.387015 0.464034 0.390809 0.467064 0.392707 0.469567 0.392917 0.474968 0.392074 0.479316 0.394604 0.482083 0.397133 0.487748 0.397344 0.489329 0.400717 0.489856 0.404089 0.493544 0.397344 0.497497 0.387648 0.498287 0.376265 0.499210 0.361088 0.499341 0.347175 0.498287 0.338744 0.496443 0.330944 0.493149 0.324199 0.487352 0.314503 0.482873 0.308179 0.474178 0.299115 0.464297 0.296164 0.453757 0.296374 0.441769 0.302066
0 0.513702 0.326096 0.520816 0.324621 0.528720 0.326728 0.535571 0.332631 0.539919 0.338954 0.545452 0.346332 0.550195 0.357504 0.555070 0.374368 0.557704 0.385540 0.558495 0.390809 0.551908 0.393128 0.546901 0.398609 0.543212 0.404722 0.539260 0.410413 0.535308 0.417791 0.532805 0.428331 0.531619 0.438027 0.530170 0.440767 0.524900 0.438238 0.522001 0.435076 0.522001 0.428752 0.521606 0.422639 0.519630 0.417369 0.517654 0.420110 0.516863 0.424536 0.516732 0.431492 0.515678 0.428120 0.513965 0.423272 0.513043 0.419056 0.510803 0.411889 0.506719 0.404511 0.499210 0.390177 0.499210 0.380691 0.498287 0.372049 0.498946 0.360877 0.498814 0.349283 0.499078 0.340641 0.498946 0.335160 0.499473 0.332420 0.503294 0.333263 0.504875 0.334739 0.508300 0.336214 0.510935 0.331998 0.511725 0.330101
0 0.488670 0.406619 0.486694 0.411467 0.490514 0.413575 0.494598 0.416737 0.495652 0.422218 0.495125 0.424958 0.494335 0.426012 0.497892 0.429595 0.497365 0.433600 0.494598 0.436973 0.494994 0.438449 0.498287 0.440135 0.499341 0.445616 0.498946 0.450885 0.496311 0.454469 0.494203 0.455523 0.493676 0.456788 0.495916 0.462901 0.499473 0.468381 0.503821 0.473440 0.506983 0.476180 0.510935 0.479553 0.513306 0.480818 0.515151 0.475970 0.515282 0.473440 0.516205 0.471121 0.516468 0.470067 0.515941 0.466062 0.515151 0.462057 0.514887 0.455944 0.515941 0.451096 0.516336 0.444983 0.516468 0.439081 0.516205 0.433390 0.515151 0.431071 0.511725 0.423904 0.510276 0.417369 0.507509 0.410835 0.502240 0.402825 0.499473 0.397133 0.496575 0.394182 0.494071 0.397766 0.490514 0.404089
0 0.521629 0.438543 0.521629 0.445972 0.522769 0.452229 0.522769 0.455748 0.525051 0.456400 0.525784 0.461092 0.526191 0.465915 0.528798 0.463960 0.530427 0.463047 0.530997 0.460310 0.530346 0.455096 0.530183 0.448970 0.530020 0.443887 0.529368 0.441280 0.527413 0.440368 0.524643 0.438803 0.522688 0.437500
0 0.516813 0.477207 0.512081 0.486872 0.510168 0.495570 0.508558 0.510873 0.508860 0.520699 0.511477 0.533264 0.515706 0.539868 0.521645 0.547761 0.522552 0.543734 0.522149 0.534874 0.521142 0.518605 0.520941 0.512806 0.519632 0.502819 0.518424 0.483006
0 0.531008 0.509262 0.534532 0.510068 0.537552 0.507007 0.543090 0.500725 0.544801 0.497181 0.550338 0.498470 0.555775 0.500886 0.562621 0.502819 0.570272 0.503624 0.573695 0.503624 0.573997 0.507168 0.572990 0.513773 0.572487 0.521182 0.571682 0.527465 0.570977 0.532780 0.569769 0.538257 0.566849 0.543895 0.564232 0.547439 0.561010 0.550983 0.558594 0.552916 0.555674 0.554365 0.552150 0.554204 0.549029 0.555010 0.546110 0.555976 0.541982 0.557909 0.537955 0.557426 0.535942 0.555171 0.534331 0.550660 0.534029 0.546472 0.533727 0.541157 0.533123 0.531492 0.532116 0.526498 0.531008 0.522954 0.529297 0.514256 0.529096 0.511356
0 0.526679 0.468669 0.529297 0.465609 0.530807 0.465770 0.531512 0.470280 0.531713 0.474146 0.531814 0.477207 0.529498 0.478657 0.528290 0.478657 0.527686 0.476885 0.527082 0.472697 0.527082 0.470602
0 0.527096 0.573988 0.522993 0.584929 0.519574 0.596690 0.517352 0.607905 0.517523 0.621854 0.519061 0.634163 0.522138 0.647019 0.526925 0.656045 0.532395 0.663977 0.537866 0.663704 0.539233 0.659601 0.542140 0.658780 0.542140 0.655498 0.539746 0.648933 0.543849 0.646198 0.549149 0.645925 0.555132 0.646745 0.557525 0.645925 0.556671 0.641275 0.553422 0.639633 0.548978 0.637992 0.545730 0.633889 0.544875 0.631975 0.542140 0.630607 0.541285 0.626504 0.545388 0.622949 0.550003 0.620213 0.554277 0.618572 0.557696 0.620760 0.560602 0.624590 0.559572 0.619164 0.559572 0.612060 0.562426 0.610369 0.564857 0.610030 0.568029 0.608339 0.568875 0.602419 0.570566 0.601742 0.572681 0.602588 0.573843 0.600220 0.573103 0.594300 0.572046 0.587703 0.569615 0.582629 0.571306 0.580768 0.573949 0.586519 0.575218 0.592101 0.577121 0.600389 0.578601 0.605971 0.579975 0.607832 0.583041 0.612399 0.584098 0.616289 0.585684 0.620348 0.586107 0.622547 0.588115 0.625592 0.590124 0.626438 0.594035 0.629313 0.597630 0.632020 0.598370 0.631512 0.598898 0.629652 0.598687 0.626099 0.598581 0.622378 0.598053 0.615951 0.597736 0.612568 0.597101 0.607832 0.596890 0.604787 0.596678 0.600727 0.595833 0.596499 0.594775 0.591932 0.592027 0.583813 0.587904 0.574340 0.578812 0.564699 0.572046 0.559286 0.563800 0.555058 0.557034 0.555396 0.548260 0.556411 0.540543 0.558779 0.538428 0.560639 0.539591 0.566729 0.541494 0.571296 0.542234 0.575524 0.544877 0.580768 0.546991 0.585166 0.549106 0.592270 0.550057 0.596668 0.548471 0.602081 0.547097 0.602250 0.543925 0.601235 0.541177 0.599543 0.538640 0.596668 0.535680 0.593792 0.533777 0.591086 0.531662 0.587026 0.530922 0.584658 0.527751 0.579922 0.527222 0.575863
