0 0.546094 0.485500 0.539844 0.485500 0.539062 0.484250 0.534375 0.484250 0.533594 0.483000 0.531250 0.483000 0.521094 0.474250 0.518750 0.474250 0.515625 0.470500 0.514844 0.470500 0.512500 0.468000 0.510156 0.468000 0.508984 0.463625 0.507422 0.461125 0.507422 0.459875 0.505859 0.456125 0.505859 0.453625 0.505078 0.452375 0.505078 0.451125 0.504297 0.449875 0.504297 0.447375 0.502734 0.443625 0.502734 0.439875 0.501953 0.438625 0.501953 0.434875 0.501172 0.433625 0.501172 0.411125 0.501953 0.409875 0.502734 0.406125 0.504297 0.403625 0.505859 0.397375 0.507422 0.394875 0.507422 0.393625 0.508203 0.392375 0.508203 0.389875 0.510547 0.386125 0.511328 0.382375 0.512891 0.379875 0.512891 0.378625 0.517188 0.371750 0.517969 0.371750 0.519531 0.369250 0.520312 0.369250 0.521875 0.366750 0.522656 0.366750 0.527344 0.360500 0.528125 0.360500 0.528906 0.359250 0.530469 0.359250 0.532813 0.356750 0.535156 0.356750 0.535937 0.355500 0.538281 0.355500 0.539062 0.354250 0.544766 0.352875 0.546641 0.352625 0.548125 0.352750 0.549687 0.353000 0.552109 0.354125 0.556094 0.355500 0.560156 0.358000 0.560937 0.359250 0.562500 0.359250 0.563281 0.360500 0.564063 0.360500 0.569531 0.368000 0.570312 0.368000 0.572656 0.371750 0.573438 0.371750 0.577734 0.378625 0.580078 0.387375 0.581641 0.389875 0.581641 0.392375 0.582422 0.393625 0.582422 0.403625 0.583203 0.404875 0.583203 0.419875 0.582422 0.421125 0.582422 0.427375 0.581641 0.428625 0.581641 0.432375 0.580859 0.433625 0.580859 0.437375 0.580078 0.438625 0.576172 0.452375 0.573047 0.458625 0.573047 0.459875 0.569531 0.465500 0.568750 0.465500 0.567187 0.468000 0.564844 0.469250 0.560937 0.475500 0.558594 0.476750 0.553125 0.481750 0.551562 0.481750 0.549219 0.484250 0.546875 0.484250
0 0.475781 0.509375 0.473438 0.509375 0.472656 0.508125 0.469531 0.508125 0.468750 0.506875 0.467969 0.506875 0.467578 0.506250 0.463777 0.506422 0.466797 0.501250 0.466797 0.500000 0.468378 0.497494 0.468182 0.493734 0.464951 0.490288 0.457031 0.494375 0.454688 0.496875 0.450000 0.496875 0.449219 0.495625 0.446875 0.494375 0.445312 0.491875 0.444531 0.491875 0.439453 0.483750 0.439453 0.482500 0.436328 0.473750 0.436328 0.471250 0.434766 0.467500 0.434766 0.461250 0.433984 0.460000 0.433984 0.438750 0.434766 0.437500 0.434766 0.431250 0.435547 0.430000 0.435547 0.425000 0.437109 0.421250 0.437109 0.418750 0.439453 0.412500 0.439453 0.410000 0.440625 0.408125 0.442969 0.406875 0.446484 0.401250 0.446484 0.400000 0.447656 0.398125 0.448437 0.398125 0.450000 0.395625 0.450781 0.395625 0.454688 0.391875 0.461719 0.391875 0.462500 0.390625 0.463281 0.390625 0.464453 0.392500 0.464453 0.393750 0.466406 0.396875 0.467187 0.396875 0.471094 0.403125 0.471875 0.403125 0.473438 0.405625 0.477344 0.408125 0.478906 0.410625 0.482812 0.413125 0.485156 0.416875 0.485938 0.416875 0.487500 0.419375 0.488281 0.419375 0.492188 0.423125 0.493750 0.423125 0.494531 0.424375 0.496094 0.424375 0.496875 0.425625 0.498437 0.425625 0.499609 0.428750 0.499609 0.430000 0.500391 0.431250 0.500391 0.435000 0.501172 0.436250 0.501172 0.440000 0.501953 0.441250 0.501953 0.443750 0.502734 0.445000 0.502734 0.448750 0.503516 0.450000 0.503516 0.452500 0.504297 0.453750 0.504297 0.460000 0.505078 0.461250 0.505078 0.468750 0.504297 0.470000 0.504297 0.472500 0.503516 0.473750 0.503516 0.476250 0.500391 0.485000 0.499609 0.488750 0.492188 0.500625 0.490625 0.500625 0.489844 0.501875 0.486719 0.501875 0.485156 0.504375 0.484375 0.504375 0.483594 0.505625 0.482031 0.505625 0.479687 0.508125 0.476562 0.508125
0 0.521875 0.553125 0.520312 0.553125 0.519531 0.551875 0.517188 0.551875 0.516406 0.550625 0.515625 0.550625 0.514844 0.549375 0.514062 0.549375 0.513281 0.548125 0.512500 0.548125 0.511719 0.546875 0.510938 0.546875 0.510156 0.545625 0.509375 0.545625 0.507812 0.543125 0.507031 0.543125 0.506250 0.541875 0.504687 0.541875 0.503906 0.540625 0.503125 0.540625 0.502344 0.539375 0.501563 0.539375 0.500781 0.538125 0.500000 0.538125 0.499609 0.537500 0.499609 0.533750 0.498828 0.532500 0.498828 0.531250 0.498047 0.530000 0.498047 0.528750 0.497266 0.527500 0.497266 0.525000 0.495703 0.522500 0.495703 0.517500 0.494922 0.516250 0.494922 0.498750 0.496484 0.496250 0.496484 0.495000 0.501172 0.487500 0.501172 0.486250 0.501953 0.485000 0.501953 0.483750 0.504297 0.480000 0.504297 0.478750 0.505078 0.477500 0.505078 0.476250 0.505859 0.475000 0.505859 0.472500 0.507812 0.469375 0.508594 0.469375 0.509375 0.468125 0.510938 0.468125 0.511719 0.469375 0.512500 0.469375 0.513281 0.470625 0.514844 0.470625 0.515625 0.471875 0.516406 0.471875 0.517188 0.473125 0.518750 0.473125 0.519531 0.474375 0.520312 0.474375 0.521094 0.475625 0.521875 0.475625 0.522656 0.476875 0.523438 0.476875 0.524219 0.478125 0.525000 0.478125 0.525781 0.479375 0.526563 0.479375 0.527344 0.480625 0.528906 0.480625 0.529687 0.481875 0.530469 0.481875 0.531250 0.483125 0.532813 0.483125 0.533594 0.484375 0.535937 0.484375 0.536719 0.485625 0.543750 0.485625 0.544531 0.486875 0.546875 0.486875 0.547266 0.487500 0.547266 0.491250 0.545703 0.493750 0.545703 0.495000 0.545312 0.495625 0.544531 0.495625 0.541016 0.501250 0.541016 0.502500 0.537109 0.508750 0.537109 0.510000 0.535547 0.512500 0.535547 0.513750 0.534766 0.515000 0.534766 0.516250 0.533984 0.517500 0.533984 0.521250 0.532422 0.523750 0.532422 0.525000 0.531641 0.526250 0.531641 0.527500 0.530859 0.528750 0.530859 0.530000 0.530078 0.531250 0.530078 0.533750 0.529297 0.535000 0.529297 0.536250 0.528516 0.537500 0.528516 0.538750 0.527734 0.540000 0.527734 0.541250 0.526953 0.542500 0.526953 0.543750 0.526172 0.545000 0.526172 0.546250 0.523828 0.550000 0.523828 0.551250 0.523438 0.551875 0.522656 0.551875
0 0.502188 0.541000 0.494453 0.541875 0.481484 0.548125 0.470469 0.553625 0.466172 0.558875 0.457813 0.565250 0.452500 0.572375 0.447656 0.581500 0.444297 0.591625 0.443594 0.599375 0.443828 0.611000 0.447187 0.620125 0.453125 0.627875 0.461719 0.631000 0.470703 0.631250 0.480547 0.628000 0.489766 0.622875 0.498906 0.614750 0.507656 0.605625 0.511797 0.601625 0.514219 0.597375 0.511719 0.591750 0.510000 0.586125 0.510078 0.580750 0.510781 0.577875 0.512422 0.579250 0.514141 0.582375 0.517734 0.585125 0.518281 0.582375 0.517500 0.577375 0.516797 0.574000 0.517578 0.568500 0.518203 0.565375 0.519219 0.561750 0.519375 0.558625 0.519219 0.555250 0.518437 0.554750 0.515547 0.553625 0.509219 0.548000 0.507656 0.545750 0.503672 0.542625 0.503750 0.542875
0 0.447734 0.550250 0.453594 0.549625 0.461484 0.549000 0.465313 0.546750 0.469062 0.545375 0.470313 0.549750 0.469297 0.553500 0.468125 0.555750 0.465547 0.558500 0.463203 0.559625 0.460156 0.560750 0.456875 0.562125 0.453125 0.561125 0.450234 0.558875 0.448984 0.557250 0.447578 0.554875 0.447109 0.553750 0.446797 0.552500 0.446328 0.551125
0 0.441406 0.316375 0.447266 0.302375 0.453828 0.292875 0.464922 0.283625 0.473906 0.280125 0.480938 0.279500 0.486406 0.280750 0.492031 0.285000 0.497813 0.294875 0.499531 0.300750 0.498828 0.301875 0.493438 0.301750 0.493828 0.304500 0.495703 0.306625 0.497344 0.307125 0.499297 0.309000 0.500078 0.310750 0.501172 0.313875 0.502109 0.318125 0.502266 0.322375 0.502109 0.324500 0.501328 0.327250 0.499766 0.328375 0.498047 0.328875 0.493984 0.327625 0.489141 0.324625 0.488125 0.325375 0.487500 0.327875 0.488828 0.330125 0.496484 0.333750 0.496797 0.338125 0.495156 0.342500 0.493047 0.345125 0.491563 0.347125 0.489219 0.350000 0.486094 0.353000 0.484219 0.355250 0.481797 0.357750 0.479844 0.359750 0.478281 0.361625 0.477031 0.362500 0.476250 0.361250 0.474609 0.358750 0.473594 0.355000 0.471875 0.352125 0.470938 0.351250 0.468359 0.349500 0.466875 0.347750 0.464375 0.345625 0.462656 0.344125 0.460938 0.342250 0.459141 0.340625 0.457188 0.339125 0.455703 0.336625 0.454219 0.333875 0.451250 0.329000 0.449219 0.326250 0.446250 0.323125 0.444297 0.320750 0.441875 0.317500
0 0.501016 0.304000 0.504844 0.307000 0.509375 0.311500 0.510313 0.314375 0.513750 0.316000 0.517344 0.316125 0.520547 0.316000 0.524922 0.316000 0.528281 0.315625 0.530703 0.315375 0.533281 0.317875 0.535547 0.320875 0.537734 0.323000 0.540000 0.324375 0.540547 0.323125 0.540469 0.320500 0.539531 0.317750 0.537500 0.314000 0.535703 0.310625 0.534219 0.307750 0.532578 0.304625 0.530234 0.301500 0.528984 0.299875 0.527344 0.298125 0.525469 0.297500 0.521719 0.297500 0.516641 0.297375 0.512188 0.298750 0.507578 0.301125 0.503984 0.301875
0 0.507734 0.328375 0.510000 0.325875 0.512266 0.323375 0.514922 0.322375 0.518203 0.322250 0.527656 0.320875 0.529922 0.320750 0.532422 0.321250 0.534687 0.322875 0.535234 0.323375 0.537500 0.324500 0.537891 0.324750 0.539062 0.325500 0.541797 0.330500 0.541719 0.333500 0.540703 0.337250 0.539922 0.340750 0.538438 0.345000 0.537109 0.349250 0.536250 0.351375 0.534375 0.353750 0.531094 0.355625 0.525938 0.358500 0.524375 0.360625 0.522266 0.362750 0.520000 0.365125 0.518203 0.367750 0.516563 0.369250 0.512656 0.370750 0.508047 0.369250 0.504219 0.366375 0.500859 0.363500 0.497422 0.359375 0.494922 0.354125 0.493828 0.349875 0.493516 0.348000 0.493984 0.345000 0.494453 0.343125 0.496563 0.340000 0.496797 0.338375 0.497031 0.335875 0.497266 0.334875 0.498125 0.334375 0.500312 0.333500 0.502812 0.332875 0.504609 0.332250 0.505938 0.331875 0.506797 0.330750
0 0.593419 0.280720 0.587990 0.274576 0.583091 0.271398 0.575543 0.270551 0.570511 0.272458 0.564685 0.276059 0.559918 0.281992 0.552503 0.296610 0.549854 0.306780 0.550914 0.319703 0.552370 0.329449 0.555416 0.338559 0.559785 0.345975 0.564288 0.350424 0.570776 0.355297 0.577132 0.354873 0.583091 0.350424 0.588520 0.344068 0.592227 0.339407 0.596332 0.334958 0.598053 0.332627 0.598186 0.330508 0.598186 0.328814 0.598848 0.322034 0.599642 0.315678 0.600172 0.309534 0.600305 0.301271 0.598848 0.294068 0.595802 0.286864
0 0.532871 0.531340 0.536924 0.541066 0.543228 0.554035 0.540976 0.564121 0.543453 0.566282 0.544804 0.569164 0.544579 0.576729 0.543453 0.582493 0.548631 0.584294 0.550883 0.586455 0.552684 0.589697 0.557412 0.592579 0.567768 0.594020 0.574973 0.590058 0.583528 0.580331 0.592084 0.560519 0.595686 0.542867 0.595236 0.522334 0.591859 0.509006 0.584429 0.498919 0.574748 0.488473 0.564841 0.488112 0.555836 0.489193 0.545704 0.495677 0.538950 0.505764 0.535348 0.514409 0.533096 0.524496
0 0.551173 0.593677 0.548259 0.602127 0.546802 0.607663 0.549716 0.608829 0.556818 0.607080 0.560825 0.610577 0.562099 0.612325 0.560278 0.616696 0.557365 0.622815 0.556454 0.625728 0.554451 0.626311 0.550262 0.624563 0.546438 0.622232 0.542249 0.617279 0.540064 0.614948 0.537697 0.612325 0.529138 0.609703 0.527863 0.608246 0.524949 0.606498 0.523674 0.604749 0.522217 0.603875 0.520578 0.607080 0.521125 0.611451 0.521671 0.619610 0.522582 0.624563 0.525495 0.630099 0.528409 0.636218 0.532416 0.640297 0.544435 0.639714 0.555361 0.631556 0.562646 0.618735 0.569384 0.603001 0.573572 0.593094 0.569930 0.594551 0.565924 0.596300 0.562099 0.596591 0.555361 0.594260
