0 0.498437 0.515625 0.497656 0.514375 0.496094 0.514375 0.495312 0.513125 0.494531 0.513125 0.490625 0.506875 0.489844 0.506875 0.487500 0.503125 0.486719 0.503125 0.486328 0.501250 0.482812 0.495625 0.482031 0.495625 0.480469 0.493125 0.478125 0.491875 0.476953 0.490000 0.476953 0.487500 0.475000 0.484375 0.473828 0.483750 0.473828 0.481250 0.469141 0.473750 0.469141 0.471250 0.465234 0.465000 0.464453 0.461250 0.462891 0.458750 0.462109 0.455000 0.456641 0.438750 0.456641 0.435000 0.455859 0.433750 0.455859 0.432500 0.455078 0.431250 0.455078 0.428750 0.454297 0.427500 0.454297 0.422500 0.453516 0.421250 0.453516 0.413750 0.452734 0.412500 0.452734 0.408750 0.453516 0.407500 0.453516 0.402500 0.454297 0.401250 0.454297 0.396250 0.455078 0.395000 0.455078 0.392500 0.455859 0.391250 0.455859 0.390000 0.457422 0.387500 0.457422 0.386250 0.462500 0.379375 0.469531 0.379375 0.470313 0.378125 0.476562 0.378125 0.477344 0.379375 0.483594 0.379375 0.486719 0.383125 0.490625 0.385625 0.499609 0.398750 0.500391 0.402500 0.503125 0.406875 0.503906 0.406875 0.505078 0.408750 0.505078 0.410000 0.508203 0.415000 0.508203 0.416250 0.510547 0.421250 0.511328 0.425000 0.515234 0.432500 0.515234 0.433750 0.519922 0.447500 0.519922 0.450000 0.520703 0.451250 0.521484 0.457500 0.523047 0.461250 0.523047 0.465000 0.523828 0.466250 0.523828 0.486250 0.523047 0.487500 0.523047 0.491250 0.522266 0.492500 0.520703 0.498750 0.519531 0.500625 0.518750 0.500625 0.514844 0.508125 0.514062 0.508125 0.513281 0.509375 0.511719 0.509375 0.510938 0.510625 0.509375 0.510625 0.508594 0.511875 0.505469 0.511875 0.504687 0.513125 0.499219 0.514375
0 0.565625 0.586875 0.557031 0.586875 0.553906 0.583125 0.552344 0.583125 0.551562 0.581875 0.549219 0.581875 0.547266 0.580000 0.547266 0.578750 0.545703 0.576250 0.544141 0.570000 0.542578 0.567500 0.542578 0.566250 0.541797 0.565000 0.541797 0.562500 0.541016 0.561250 0.541016 0.546250 0.540234 0.545000 0.541016 0.543750 0.541016 0.540000 0.540234 0.538750 0.540234 0.537500 0.541016 0.536250 0.541016 0.532500 0.543359 0.530000 0.543359 0.525000 0.544141 0.523750 0.544141 0.522500 0.540234 0.516250 0.540234 0.508750 0.541016 0.507500 0.541797 0.501250 0.542578 0.500000 0.542578 0.496250 0.543359 0.495000 0.543359 0.492500 0.544141 0.491250 0.544141 0.488750 0.548828 0.475000 0.548828 0.472500 0.549609 0.471250 0.551953 0.462500 0.557031 0.453125 0.558594 0.453125 0.559375 0.451875 0.562500 0.451875 0.563281 0.453125 0.568750 0.453125 0.569531 0.454375 0.571094 0.454375 0.571875 0.455625 0.573438 0.455625 0.574219 0.456875 0.575781 0.456875 0.576562 0.458125 0.577344 0.458125 0.584766 0.470000 0.584766 0.471250 0.587109 0.477500 0.587109 0.480000 0.588672 0.483750 0.588672 0.486250 0.589453 0.487500 0.589453 0.490000 0.590234 0.491250 0.590234 0.498750 0.591016 0.500000 0.591016 0.522500 0.590234 0.523750 0.590234 0.532500 0.589453 0.533750 0.589453 0.540000 0.588672 0.541250 0.588672 0.545000 0.587109 0.548750 0.587109 0.551250 0.586328 0.552500 0.586328 0.555000 0.585547 0.556250 0.585547 0.558750 0.584766 0.560000 0.582422 0.568750 0.580859 0.571250 0.580859 0.572500 0.575781 0.580625 0.571875 0.581875 0.569531 0.585625 0.566406 0.585625
0 0.517188 0.655625 0.503906 0.655625 0.503125 0.654375 0.500781 0.654375 0.498437 0.651875 0.496875 0.651875 0.495312 0.649375 0.494531 0.649375 0.493750 0.648125 0.492969 0.648125 0.489453 0.642500 0.489453 0.641250 0.488672 0.640000 0.488672 0.638750 0.486328 0.635000 0.486328 0.633750 0.485547 0.632500 0.485547 0.631250 0.482422 0.626250 0.482422 0.620000 0.485156 0.615625 0.485938 0.615625 0.497266 0.597500 0.497266 0.596250 0.498047 0.595000 0.498047 0.593750 0.498828 0.592500 0.498828 0.591250 0.500391 0.587500 0.500391 0.586250 0.501563 0.584375 0.502344 0.584375 0.503125 0.583125 0.505469 0.583125 0.506250 0.581875 0.518750 0.581875 0.519531 0.583125 0.523438 0.583125 0.525781 0.585625 0.528125 0.585625 0.528906 0.586875 0.529687 0.586875 0.531250 0.589375 0.532031 0.589375 0.535547 0.595000 0.535547 0.596250 0.537891 0.600000 0.537891 0.601250 0.538672 0.602500 0.538672 0.605000 0.539453 0.606250 0.539453 0.607500 0.541016 0.611250 0.541016 0.623750 0.540234 0.625000 0.540234 0.627500 0.538672 0.630000 0.538672 0.631250 0.536328 0.635000 0.536328 0.636250 0.535547 0.637500 0.535547 0.638750 0.534375 0.640625 0.533594 0.640625 0.529687 0.646875 0.528906 0.646875 0.528125 0.648125 0.527344 0.648125 0.526563 0.649375 0.525781 0.649375 0.525000 0.650625 0.524219 0.650625 0.521875 0.653125 0.521094 0.653125 0.520312 0.654375 0.517969 0.654375
0 0.468372 0.326795 0.475023 0.327629 0.479458 0.332429 0.482458 0.339107 0.488979 0.349332 0.490414 0.357888 0.490805 0.362896 0.495239 0.362896 0.497196 0.355175 0.497978 0.347663 0.506195 0.346828 0.514803 0.349750 0.519759 0.355175 0.524846 0.358723 0.530585 0.358723 0.528498 0.352671 0.524455 0.347663 0.519368 0.344115 0.515847 0.340568 0.514151 0.336603 0.520933 0.335142 0.526150 0.339733 0.532280 0.342237 0.533845 0.342237 0.535150 0.347037 0.534237 0.356219 0.533063 0.364149 0.531498 0.371452 0.529933 0.377922 0.527585 0.383973 0.524455 0.391068 0.520672 0.398164 0.516890 0.404007 0.513369 0.409641 0.512064 0.411311 0.510630 0.411728 0.509456 0.412145 0.508804 0.411937 0.507369 0.409432 0.506065 0.407763 0.504108 0.404841 0.502413 0.401920 0.501500 0.399624 0.499022 0.395033 0.497457 0.392321 0.494718 0.388147 0.492761 0.385851 0.490153 0.383139 0.488066 0.380843 0.485588 0.378339 0.483632 0.377295 0.480632 0.376252 0.474371 0.376252 0.472545 0.376252 0.467459 0.376669 0.464981 0.376669 0.462503 0.376252 0.462111 0.363105 0.461590 0.358932 0.463155 0.347245 0.463416 0.343698 0.463676 0.335142 0.464329 0.329925 0.467198 0.327838
0 0.511034 0.415979 0.516350 0.412887 0.527948 0.411340 0.535035 0.411340 0.539546 0.414175 0.537452 0.418041 0.534874 0.418814 0.531331 0.419845 0.528109 0.422680 0.525693 0.426804 0.524404 0.431186 0.524404 0.434021 0.530847 0.436340 0.535358 0.437113 0.537774 0.437113 0.538418 0.442268 0.541479 0.446392 0.544861 0.447165 0.546794 0.447165 0.549050 0.451031 0.549694 0.454639 0.550338 0.457732 0.550177 0.463144 0.549372 0.466237 0.548405 0.470103 0.546472 0.474485 0.544217 0.478351 0.539063 0.482990 0.535841 0.486340 0.531814 0.487113 0.527948 0.487629 0.525693 0.487629 0.523760 0.487887 0.525048 0.477835 0.524887 0.473196 0.524565 0.467526 0.524726 0.463918 0.522954 0.456959 0.521827 0.452835 0.521182 0.447423 0.518927 0.441753 0.517316 0.435567 0.516028 0.431443 0.514900 0.428866 0.513128 0.426289 0.510068 0.420361
0 0.576434 0.414433 0.568218 0.417526 0.562742 0.426289 0.561614 0.434021 0.561936 0.443299 0.562097 0.446134 0.565641 0.449485 0.570312 0.451546 0.574662 0.453608 0.579494 0.454381 0.582555 0.450773 0.585938 0.443557 0.586582 0.439691 0.587709 0.434278 0.587548 0.428093 0.586099 0.425258 0.584488 0.422165 0.582394 0.419588 0.580300 0.417784
0 0.430815 0.507990 0.435486 0.511598 0.440319 0.521907 0.444185 0.533505 0.449340 0.543041 0.456588 0.528866 0.459488 0.515722 0.461904 0.510825 0.467059 0.507474 0.472213 0.502835 0.466414 0.498454 0.464159 0.492268 0.461743 0.486340 0.465609 0.487629 0.470280 0.489948 0.474630 0.492268 0.476240 0.493041 0.479301 0.496134 0.483167 0.501031 0.486066 0.504124 0.488805 0.506443 0.492026 0.511598 0.495248 0.517784 0.497181 0.522165 0.499597 0.529897 0.500725 0.539175 0.501530 0.549227 0.501691 0.557216 0.501369 0.565464 0.500242 0.574485 0.499919 0.580928 0.498953 0.586856 0.497181 0.592268 0.494120 0.598969 0.489127 0.605412 0.483328 0.614948 0.478334 0.620103 0.475757 0.623454 0.468831 0.625258 0.463032 0.625773 0.454977 0.622423 0.451756 0.621649 0.446762 0.618299 0.441124 0.614433 0.437903 0.610309 0.435164 0.605928 0.431298 0.600773 0.428238 0.595103 0.426144 0.589175 0.422761 0.579124 0.421311 0.574742 0.420506 0.568814 0.420345 0.557732 0.421150 0.550515 0.421472 0.538402 0.421472 0.533247 0.422439 0.527062 0.424050 0.521134 0.425499 0.516495 0.427432 0.512113 0.429365 0.509794
0 0.543251 0.570361 0.540995 0.571649 0.542928 0.579381 0.542928 0.581701 0.538418 0.574485 0.535519 0.578866 0.535841 0.585825 0.537935 0.592526 0.539707 0.597938 0.540995 0.603608 0.541318 0.604897 0.545023 0.596907 0.547439 0.592526 0.549211 0.592268 0.549211 0.596907 0.548566 0.601289 0.551144 0.601289 0.552916 0.601289 0.558070 0.602062 0.560325 0.600773 0.562581 0.600773 0.565641 0.601289 0.567896 0.606959 0.568218 0.610567 0.565802 0.617010 0.564191 0.620876 0.568380 0.622423 0.571118 0.621134 0.569990 0.625515 0.568863 0.629124 0.573534 0.625258 0.575789 0.618299 0.577239 0.613144 0.578044 0.608763 0.578850 0.602062 0.579333 0.596134 0.579333 0.587887 0.579333 0.581701 0.578850 0.577835 0.575306 0.580928 0.572407 0.582990 0.569990 0.585052 0.567091 0.586598 0.560648 0.587629 0.558231 0.587887 0.554526 0.587371 0.551144 0.583763 0.549050 0.581959 0.548405 0.581186 0.546311 0.578093 0.544861 0.574485
0 0.497986 0.516495 0.503141 0.513144 0.513450 0.510825 0.515867 0.513918 0.520699 0.517268 0.524243 0.518557 0.528753 0.519072 0.531492 0.520876 0.532941 0.522423 0.534713 0.527577 0.535680 0.532474 0.536324 0.536340 0.537291 0.542010 0.537935 0.547938 0.537935 0.553608 0.537774 0.558247 0.537130 0.561856 0.535358 0.566237 0.531975 0.571907 0.530686 0.573969 0.527303 0.577062 0.523921 0.578866 0.517477 0.579124 0.516672 0.579124 0.513773 0.578608 0.509907 0.575773 0.506202 0.573454 0.505074 0.572680 0.503785 0.570103 0.502980 0.567526 0.502497 0.558505 0.502175 0.555670 0.502014 0.550773 0.501852 0.546649 0.501530 0.542268 0.501208 0.539175 0.500403 0.531959 0.499758 0.527320 0.498953 0.521392
0 0.540075 0.411776 0.543052 0.407774 0.549602 0.410252 0.549840 0.405488 0.553056 0.398819 0.557343 0.401677 0.558534 0.407012 0.559844 0.407393 0.561988 0.404535 0.565084 0.403773 0.569372 0.404535 0.572111 0.407774 0.573302 0.411014 0.574493 0.412538 0.578899 0.407965 0.580566 0.400152 0.581638 0.384337 0.582353 0.366044 0.583067 0.338986 0.581757 0.320884 0.576279 0.307546 0.567585 0.298780 0.559249 0.299352 0.551270 0.307546 0.545672 0.317264 0.541028 0.332508 0.538288 0.347180 0.536859 0.363758 0.536502 0.383575 0.538050 0.403011
