0 0.487500 0.396875 0.481250 0.396875 0.480469 0.395625 0.474219 0.395625 0.473438 0.394375 0.470313 0.394375 0.469531 0.393125 0.465625 0.393125 0.464844 0.391875 0.460938 0.391875 0.460156 0.390625 0.456250 0.390625 0.455469 0.389375 0.448437 0.389375 0.447656 0.388125 0.444531 0.388125 0.443750 0.386875 0.442969 0.386875 0.441406 0.384375 0.440234 0.382500 0.439844 0.380625 0.438281 0.380625 0.437109 0.377500 0.437109 0.376250 0.435547 0.375000 0.435547 0.371250 0.436328 0.370000 0.436328 0.363750 0.437109 0.362500 0.436328 0.361250 0.435547 0.357500 0.436328 0.356250 0.436328 0.355000 0.437109 0.353750 0.437109 0.351250 0.437891 0.350000 0.437891 0.346250 0.438672 0.345000 0.438672 0.341250 0.439453 0.340000 0.439453 0.335000 0.440234 0.333750 0.440234 0.331250 0.441797 0.328750 0.443359 0.322500 0.444922 0.320000 0.444922 0.318750 0.446484 0.316250 0.446484 0.315000 0.448828 0.311250 0.448828 0.310000 0.451562 0.305625 0.452344 0.305625 0.453516 0.303750 0.455078 0.301250 0.455469 0.299375 0.456250 0.299375 0.457813 0.296875 0.458594 0.296875 0.460938 0.294375 0.462500 0.294375 0.463281 0.293125 0.464844 0.293125 0.465625 0.291875 0.467969 0.291875 0.468750 0.290625 0.478906 0.290625 0.479687 0.291875 0.485156 0.291875 0.485938 0.293125 0.488281 0.293125 0.489063 0.294375 0.490625 0.294375 0.492969 0.296875 0.493750 0.296875 0.495312 0.299375 0.497656 0.300625 0.499219 0.303125 0.500000 0.303125 0.500781 0.304375 0.501563 0.304375 0.503125 0.306875 0.503906 0.306875 0.506641 0.311250 0.506641 0.313750 0.507422 0.315000 0.507422 0.317500 0.508203 0.318750 0.506641 0.322500 0.506641 0.325000 0.505859 0.326250 0.505859 0.327500 0.504297 0.330000 0.503516 0.333750 0.501953 0.336250 0.500391 0.342500 0.498047 0.346250 0.498047 0.350000 0.496484 0.353750 0.496484 0.358750 0.495703 0.360000 0.495703 0.367500 0.494922 0.368750 0.494922 0.387500 0.492969 0.391875 0.492188 0.391875 0.490625 0.394375 0.489844 0.394375
0 0.537500 0.435625 0.534375 0.435625 0.533594 0.434375 0.532813 0.435625 0.526563 0.435625 0.525781 0.434375 0.523438 0.434375 0.521875 0.431875 0.520312 0.431875 0.519531 0.430625 0.518750 0.430625 0.514844 0.424375 0.514062 0.424375 0.511719 0.420625 0.510938 0.420625 0.504687 0.410625 0.503906 0.410625 0.501953 0.407500 0.501172 0.403750 0.499609 0.400000 0.499609 0.396250 0.497266 0.390000 0.497266 0.386250 0.496484 0.385000 0.496484 0.377500 0.495703 0.376250 0.495703 0.363750 0.496484 0.362500 0.496484 0.357500 0.497266 0.356250 0.498047 0.350000 0.499609 0.346250 0.499609 0.345000 0.501172 0.342500 0.501953 0.338750 0.504297 0.335000 0.504297 0.333750 0.505859 0.331250 0.505859 0.330000 0.516406 0.314375 0.517188 0.314375 0.517969 0.313125 0.519531 0.313125 0.523438 0.309375 0.524219 0.309375 0.525000 0.308125 0.526563 0.308125 0.527344 0.306875 0.533594 0.306875 0.534375 0.305625 0.536719 0.305625 0.537500 0.304375 0.553906 0.304375 0.559375 0.309375 0.560937 0.309375 0.562500 0.311875 0.563281 0.311875 0.564844 0.315625 0.565625 0.315625 0.567187 0.318125 0.567969 0.318125 0.569922 0.321250 0.569922 0.322500 0.571484 0.325000 0.571484 0.326250 0.572656 0.326875 0.574609 0.330000 0.574609 0.331250 0.577734 0.337500 0.577734 0.338750 0.579297 0.342500 0.579297 0.346250 0.580078 0.347500 0.580078 0.355000 0.580859 0.356250 0.580859 0.372500 0.580078 0.373750 0.580078 0.378750 0.579297 0.380000 0.579297 0.383750 0.578516 0.385000 0.577734 0.391250 0.576953 0.392500 0.575391 0.398750 0.569531 0.408125 0.568750 0.408125 0.567187 0.410625 0.566406 0.410625 0.560937 0.419375 0.560156 0.419375 0.558594 0.421875 0.551562 0.426875 0.550781 0.428125 0.549219 0.428125 0.545312 0.431875 0.543750 0.431875 0.541406 0.434375 0.538281 0.434375
0 0.502344 0.486875 0.492188 0.486875 0.491406 0.485625 0.485938 0.485625 0.485156 0.484375 0.482812 0.484375 0.482031 0.483125 0.478906 0.483125 0.478125 0.481875 0.476562 0.481875 0.473438 0.479375 0.470313 0.479375 0.465625 0.475625 0.463281 0.475625 0.460156 0.471875 0.458594 0.471875 0.455469 0.469375 0.453906 0.469375 0.450781 0.465625 0.446094 0.461875 0.441406 0.455625 0.439844 0.455625 0.437109 0.451250 0.436328 0.448750 0.436328 0.445000 0.432812 0.439375 0.431641 0.438750 0.430859 0.436250 0.430859 0.431250 0.430078 0.430000 0.430078 0.421250 0.430859 0.420000 0.430859 0.415000 0.431641 0.413750 0.431641 0.406250 0.433984 0.401250 0.435547 0.393750 0.435937 0.393125 0.440625 0.393125 0.442188 0.388125 0.447656 0.388125 0.448437 0.389375 0.453906 0.389375 0.454688 0.390625 0.460156 0.390625 0.461719 0.393125 0.463281 0.393125 0.464062 0.394375 0.468750 0.394375 0.469531 0.395625 0.474219 0.395625 0.475000 0.396875 0.477344 0.396875 0.478906 0.399375 0.485156 0.399375 0.488281 0.401875 0.490625 0.401875 0.491406 0.403125 0.492969 0.403125 0.494922 0.405000 0.494922 0.406250 0.496875 0.409375 0.499219 0.410625 0.500781 0.413125 0.502344 0.414375 0.503906 0.414375 0.504687 0.415625 0.506250 0.415625 0.506641 0.417500 0.507812 0.419375 0.508594 0.419375 0.516016 0.431250 0.516797 0.433750 0.516797 0.436250 0.518359 0.440000 0.517578 0.443750 0.519141 0.447500 0.519141 0.450000 0.518359 0.451250 0.518359 0.455000 0.516797 0.460000 0.516797 0.465000 0.515234 0.468750 0.515234 0.471250 0.506250 0.485625 0.503125 0.485625
0 0.569531 0.585625 0.557031 0.585625 0.554688 0.583125 0.553125 0.583125 0.550781 0.580625 0.549219 0.580625 0.546094 0.576875 0.545312 0.576875 0.544922 0.575000 0.542578 0.572500 0.542578 0.568750 0.540234 0.562500 0.540234 0.556250 0.541016 0.555000 0.541016 0.550000 0.540234 0.548750 0.540234 0.532500 0.539453 0.531250 0.539453 0.513750 0.541016 0.510000 0.541797 0.503750 0.542578 0.502500 0.542578 0.498750 0.543359 0.497500 0.543359 0.493750 0.544141 0.492500 0.544922 0.486250 0.548828 0.475000 0.548828 0.472500 0.551172 0.468750 0.551953 0.465000 0.554688 0.461875 0.557031 0.461875 0.557813 0.460625 0.560156 0.459375 0.560547 0.457500 0.562500 0.454375 0.564063 0.454375 0.564844 0.453125 0.569531 0.453125 0.570312 0.454375 0.572656 0.454375 0.573438 0.455625 0.575000 0.455625 0.575781 0.456875 0.577344 0.456875 0.583203 0.466250 0.583203 0.467500 0.584766 0.470000 0.584766 0.471250 0.587109 0.477500 0.587109 0.480000 0.588672 0.482500 0.588672 0.486250 0.589453 0.487500 0.589453 0.490000 0.590234 0.491250 0.590234 0.498750 0.591016 0.500000 0.591016 0.523750 0.590234 0.525000 0.590234 0.532500 0.589453 0.533750 0.589453 0.541250 0.588672 0.542500 0.588672 0.547500 0.586328 0.553750 0.586328 0.557500 0.585547 0.558750 0.585547 0.561250 0.584766 0.562500 0.583203 0.568750 0.580859 0.572500 0.580859 0.573750 0.580078 0.575000 0.577734 0.577500 0.577344 0.579375 0.576562 0.579375 0.575781 0.580625 0.573438 0.580625 0.572656 0.581875 0.571875 0.581875
0 0.528125 0.579375 0.517188 0.579375 0.516406 0.578125 0.514844 0.578125 0.508203 0.567500 0.508203 0.566250 0.507422 0.565000 0.507422 0.563750 0.506641 0.562500 0.506641 0.561250 0.505859 0.560000 0.505859 0.558750 0.505078 0.557500 0.505078 0.556250 0.503516 0.552500 0.503516 0.551250 0.502734 0.550000 0.502734 0.546250 0.501953 0.545000 0.501953 0.543750 0.500391 0.541250 0.500391 0.540000 0.495703 0.532500 0.495703 0.531250 0.494922 0.530000 0.494922 0.527500 0.493359 0.523750 0.493359 0.518750 0.494141 0.517500 0.494141 0.513750 0.494922 0.512500 0.494922 0.508750 0.495703 0.507500 0.495703 0.505000 0.497266 0.502500 0.497266 0.501250 0.502344 0.493125 0.503906 0.493125 0.504687 0.491875 0.505469 0.491875 0.506250 0.490625 0.507812 0.490625 0.508594 0.489375 0.512500 0.489375 0.513281 0.490625 0.518750 0.490625 0.519531 0.491875 0.521875 0.491875 0.522656 0.493125 0.523438 0.493125 0.525000 0.495625 0.525781 0.495625 0.526563 0.496875 0.527344 0.496875 0.528125 0.498125 0.528906 0.498125 0.529297 0.498750 0.529297 0.501250 0.528516 0.502500 0.532422 0.508750 0.532422 0.510000 0.533984 0.512500 0.533984 0.513750 0.536328 0.517500 0.536328 0.518750 0.537891 0.522500 0.537891 0.525000 0.538672 0.526250 0.538672 0.530000 0.539453 0.531250 0.539453 0.536250 0.540234 0.537500 0.540234 0.558750 0.539453 0.560000 0.539453 0.562500 0.537891 0.565000 0.537891 0.566250 0.537109 0.567500 0.537109 0.568750 0.536328 0.570000 0.536328 0.571250 0.533594 0.575625 0.532813 0.575625 0.530469 0.578125 0.528906 0.578125
0 0.560937 0.638125 0.560156 0.638125 0.559375 0.636875 0.555469 0.636875 0.554688 0.635625 0.553125 0.635625 0.551562 0.633125 0.550781 0.633125 0.550000 0.631875 0.549219 0.631875 0.545312 0.625625 0.544531 0.625625 0.543359 0.623750 0.543359 0.622500 0.541797 0.620000 0.541797 0.618750 0.540234 0.616250 0.540234 0.615000 0.539453 0.613750 0.539453 0.612500 0.538672 0.611250 0.538672 0.608750 0.537891 0.607500 0.537891 0.606250 0.537109 0.605000 0.537109 0.602500 0.536328 0.601250 0.536328 0.598750 0.535547 0.597500 0.535547 0.595000 0.534766 0.593750 0.534766 0.590000 0.533984 0.588750 0.533984 0.582500 0.537188 0.588625 0.538750 0.588500 0.538203 0.580000 0.542734 0.582750 0.546719 0.583375 0.545312 0.576875 0.546094 0.578125 0.547656 0.578125 0.548438 0.579375 0.550000 0.579375 0.550781 0.580625 0.552344 0.580625 0.553125 0.581875 0.553906 0.581875 0.554688 0.583125 0.556250 0.583125 0.557031 0.584375 0.561719 0.584375 0.562500 0.585625 0.565625 0.585625 0.566406 0.584375 0.568750 0.584375 0.569531 0.583125 0.571094 0.583125 0.572656 0.580625 0.573438 0.580625 0.574219 0.579375 0.578125 0.579375 0.580078 0.582500 0.580078 0.583750 0.580859 0.585000 0.580859 0.597500 0.580078 0.598750 0.580078 0.605000 0.579297 0.606250 0.579297 0.610000 0.578516 0.611250 0.578516 0.615000 0.577734 0.616250 0.577734 0.617500 0.576953 0.618750 0.576953 0.620000 0.576172 0.621250 0.576172 0.622500 0.569531 0.633125 0.568750 0.633125 0.567969 0.634375 0.567187 0.634375 0.566406 0.635625 0.565625 0.635625 0.564844 0.636875 0.561719 0.636875
0 0.460833 0.571225 0.472053 0.561997 0.490405 0.562668 0.495963 0.565856 0.499633 0.569715 0.503723 0.568540 0.506240 0.568037 0.509176 0.573070 0.511168 0.579950 0.511797 0.586997 0.511378 0.595386 0.511273 0.603775 0.507917 0.615185 0.501101 0.622567 0.496277 0.626091 0.492817 0.629279 0.488098 0.630789 0.484847 0.630956 0.478031 0.629446 0.472682 0.626426 0.468278 0.624245 0.464922 0.621225 0.461881 0.618037 0.459679 0.614010 0.456743 0.609815 0.454646 0.607299 0.453177 0.605285 0.451919 0.602768 0.452443 0.599245 0.456009 0.598238 0.456848 0.595721 0.456848 0.588507 0.457057 0.583809 0.457372 0.580117 0.457792 0.575419
0 0.441616 0.545368 0.444248 0.554747 0.446042 0.565467 0.447478 0.575613 0.448555 0.584418 0.446999 0.593989 0.445803 0.594564 0.444008 0.591692 0.441496 0.583270 0.439462 0.575804 0.438505 0.568530 0.437907 0.563170 0.436830 0.552642 0.438864 0.546516
0 0.451020 0.470207 0.450210 0.476036 0.450818 0.485104 0.453651 0.490285 0.457092 0.495142 0.459318 0.496438 0.464783 0.496762 0.468629 0.494819 0.472069 0.490933 0.474296 0.485751 0.473891 0.481541 0.472272 0.480894 0.470450 0.479922 0.466807 0.478951 0.464783 0.477655 0.463366 0.477008 0.461140 0.475389 0.459116 0.473769 0.456890 0.472474 0.455270 0.471826 0.453044 0.471179
0 0.576911 0.414832 0.570434 0.414832 0.565374 0.419689 0.562743 0.429404 0.561933 0.440415 0.565981 0.448187 0.572863 0.451425 0.581363 0.452073 0.584804 0.445596 0.587030 0.436852 0.586423 0.425518 0.581971 0.418718 0.574482 0.413860
0 0.541223 0.437591 0.547137 0.444323 0.549411 0.452147 0.548046 0.465611 0.545658 0.477984 0.543611 0.483261 0.539972 0.487991 0.534286 0.489447 0.530534 0.489629 0.522118 0.487991 0.517115 0.486536 0.509382 0.484898 0.507903 0.483988 0.511656 0.477438 0.514727 0.473253 0.518138 0.460153 0.518707 0.453421 0.519162 0.447598 0.518707 0.443049 0.518821 0.439047 0.521891 0.437409 0.526099 0.436681 0.539517 0.438683
0 0.552457 0.301022 0.563105 0.308734 0.573081 0.323798 0.575771 0.331331 0.580367 0.335635 0.581263 0.334021 0.581488 0.328461 0.579470 0.319674 0.576107 0.309989 0.572296 0.301560 0.569046 0.299767 0.566244 0.298511 0.561872 0.297973 0.559967 0.297794 0.556604 0.299049 0.553690 0.300305
0 0.581039 0.354286 0.583057 0.360742 0.583281 0.367019 0.582384 0.375090 0.581039 0.394279 0.579806 0.400915 0.578573 0.406295 0.576444 0.412213 0.574538 0.413827 0.567477 0.412392 0.565795 0.412213 0.570167 0.408626 0.572184 0.405039 0.574762 0.402170 0.578798 0.387643 0.579134 0.383160 0.580479 0.377600 0.581039 0.369709 0.581488 0.363791
