0 0.464062 0.435625 0.461719 0.435625 0.460938 0.434375 0.457031 0.434375 0.456250 0.433125 0.453906 0.433125 0.453125 0.431875 0.451562 0.431875 0.450781 0.430625 0.449219 0.430625 0.448437 0.429375 0.447656 0.429375 0.446094 0.426875 0.445312 0.426875 0.443750 0.424375 0.442969 0.424375 0.440625 0.420625 0.439844 0.420625 0.437109 0.416250 0.437109 0.415000 0.435547 0.412500 0.435547 0.411250 0.431641 0.405000 0.430859 0.401250 0.429297 0.398750 0.429297 0.397500 0.428516 0.396250 0.428516 0.393750 0.427734 0.392500 0.427734 0.390000 0.426953 0.388750 0.426953 0.382500 0.426172 0.381250 0.426172 0.370000 0.426953 0.368750 0.426953 0.361250 0.427734 0.360000 0.427734 0.355000 0.429297 0.351250 0.429297 0.348750 0.430078 0.347500 0.430078 0.345000 0.433203 0.340000 0.433203 0.338750 0.436328 0.333750 0.436328 0.332500 0.439844 0.326875 0.440625 0.326875 0.442578 0.323750 0.442578 0.322500 0.443750 0.320625 0.444531 0.320625 0.446875 0.318125 0.449219 0.318125 0.450000 0.316875 0.453906 0.316875 0.454688 0.315625 0.465625 0.315625 0.466406 0.316875 0.470313 0.316875 0.472656 0.319375 0.475000 0.320625 0.476562 0.323125 0.478906 0.324375 0.480469 0.326875 0.481250 0.326875 0.481641 0.328750 0.487109 0.337500 0.487109 0.338750 0.489453 0.342500 0.490234 0.346250 0.491797 0.350000 0.491797 0.352500 0.492578 0.353750 0.492578 0.356250 0.493359 0.357500 0.493359 0.368750 0.494141 0.370000 0.494141 0.373750 0.493359 0.375000 0.493359 0.380000 0.492578 0.381250 0.492578 0.383750 0.491797 0.385000 0.491797 0.387500 0.491016 0.388750 0.491016 0.391250 0.490234 0.392500 0.489453 0.396250 0.488672 0.397500 0.487891 0.401250 0.484766 0.410000 0.484766 0.411250 0.482422 0.415000 0.481641 0.418750 0.476562 0.425625 0.475781 0.425625 0.471875 0.430625 0.471094 0.430625 0.467187 0.434375 0.464844 0.434375
0 0.517447 0.483422 0.511135 0.491806 0.507205 0.502287 0.504585 0.518674 0.503990 0.531631 0.506848 0.560404 0.510778 0.578887 0.516852 0.594131 0.524235 0.603849 0.533286 0.607279 0.542814 0.605183 0.548173 0.602896 0.552818 0.589558 0.556629 0.572218 0.555438 0.549924 0.552699 0.529916 0.548292 0.514672 0.542814 0.494284 0.539122 0.488758 0.532096 0.483803 0.523759 0.480373
0 0.564132 0.487805 0.558772 0.491997 0.555676 0.499047 0.554128 0.505335 0.554842 0.515244 0.559249 0.521532 0.566513 0.522485 0.571634 0.521341 0.577946 0.514101 0.578304 0.504002 0.575565 0.495046 0.572111 0.489710
0 0.554842 0.530488 0.560797 0.524200 0.568538 0.524390 0.574374 0.530297 0.579852 0.540206 0.581519 0.551258 0.581638 0.563072 0.579495 0.575648 0.576636 0.586509 0.566156 0.608041 0.558653 0.624619 0.547101 0.636623 0.534358 0.640434 0.525188 0.636814 0.520067 0.627477 0.518281 0.616235 0.518400 0.607470 0.518519 0.601562 0.522568 0.606517 0.528761 0.608422 0.538050 0.609184 0.549364 0.604230 0.554128 0.588605 0.557343 0.569741 0.555914 0.548971 0.553770 0.535061
0 0.471478 0.532407 0.456184 0.543871 0.446952 0.559965 0.440338 0.581790 0.440752 0.601411 0.445988 0.624118 0.456046 0.637346 0.469549 0.645503 0.481123 0.645282 0.499035 0.631173 0.507854 0.618386 0.511987 0.599206 0.513779 0.587522 0.510472 0.577601 0.506889 0.561728 0.504271 0.551367 0.501653 0.542769 0.498760 0.537037 0.491871 0.534392 0.483328 0.531085 0.476438 0.531305
0 0.466931 0.438713 0.458251 0.444444 0.451361 0.454145 0.446814 0.466711 0.444196 0.479056 0.444885 0.496693 0.449570 0.510582 0.460869 0.524030 0.469549 0.529101 0.481399 0.528880 0.489804 0.524691 0.499724 0.512787 0.504960 0.497795 0.506889 0.481041 0.506752 0.470459 0.503169 0.465168 0.498071 0.461420 0.494213 0.455467 0.490631 0.449295 0.488701 0.444665 0.486221 0.439815 0.482363 0.436728 0.474096 0.436067
0 0.494626 0.365741 0.500138 0.358466 0.506476 0.352072 0.512814 0.348765 0.516948 0.352072 0.514881 0.354497 0.510196 0.355820 0.507992 0.358907 0.515019 0.361552 0.520117 0.362434 0.520668 0.366843 0.517223 0.366843 0.511850 0.368386 0.509645 0.371914 0.510885 0.377425 0.517223 0.379630 0.522321 0.379189 0.523837 0.380071 0.525491 0.382275 0.529762 0.386023 0.530589 0.388007 0.532793 0.393298 0.534309 0.403439 0.535549 0.411376 0.537202 0.415123 0.544643 0.414683 0.547812 0.407628 0.548776 0.399912 0.550981 0.401455 0.549741 0.408951 0.549465 0.415344 0.549603 0.420414 0.550292 0.424162 0.551946 0.422840 0.553737 0.420194 0.555941 0.416446 0.557181 0.420194 0.556768 0.426587 0.555390 0.433422 0.553599 0.441358 0.550568 0.447090 0.546434 0.453263 0.543403 0.458554 0.538305 0.465168 0.532655 0.467372 0.525215 0.469356 0.520255 0.469797 0.514054 0.468915 0.507992 0.466931 0.506200 0.465168 0.502205 0.462302 0.499724 0.460538 0.496280 0.456570 0.494489 0.452381 0.490493 0.445767 0.489666 0.443783 0.488013 0.438492 0.486772 0.432760 0.485257 0.427910 0.484843 0.416226 0.486221 0.408730 0.488150 0.403660 0.488426 0.399030 0.491182 0.390212 0.491871 0.386243 0.493524 0.381393 0.494213 0.375661 0.494213 0.371914 0.494351 0.369268
0 0.578125 0.266755 0.572614 0.268298 0.565449 0.271825 0.557457 0.281305 0.551670 0.292769 0.549741 0.302910 0.551257 0.315476 0.553461 0.321869 0.557733 0.322751 0.561039 0.322531 0.562142 0.324074 0.562142 0.329586 0.561039 0.334215 0.559524 0.337302 0.559386 0.345899 0.561039 0.346120 0.562968 0.344797 0.565449 0.347443 0.568067 0.351631 0.569444 0.352293 0.572614 0.352734 0.575783 0.352954 0.580054 0.352513 0.583361 0.351631 0.589286 0.345899 0.594935 0.337963 0.598242 0.330026 0.600171 0.321649 0.601135 0.308642 0.601687 0.301367 0.600722 0.294533 0.600033 0.289903 0.597966 0.283951 0.595348 0.278219 0.593557 0.277116 0.592041 0.276455 0.585152 0.270503 0.581983 0.268298
0 0.441854 0.321429 0.448192 0.316578 0.454393 0.315035 0.461282 0.315917 0.464589 0.314594 0.463349 0.306878 0.461695 0.303131 0.458526 0.305115 0.456873 0.307540 0.454117 0.308201 0.451912 0.306217 0.448881 0.303571 0.447366 0.304453 0.445299 0.309083 0.443645 0.314594
0 0.463073 0.300044 0.465278 0.306878 0.466518 0.310185 0.469549 0.311287 0.476163 0.313492 0.479332 0.307540 0.480297 0.303571 0.476025 0.299162 0.473269 0.297399 0.470514 0.292769 0.473821 0.291005 0.474785 0.287257 0.478092 0.288360 0.481123 0.291005 0.484430 0.291446 0.492284 0.293430 0.496142 0.295414 0.497244 0.294974 0.495729 0.289462 0.493386 0.285494 0.487737 0.280864 0.484981 0.278880 0.481399 0.277557 0.480297 0.277337 0.477127 0.277337 0.473958 0.278219 0.468171 0.279762 0.464727 0.281305 0.461006 0.284392 0.457837 0.286596 0.454806 0.289903 0.454255 0.292769 0.462935 0.291887 0.465002 0.291887 0.468722 0.293210 0.469687 0.295855 0.467207 0.297178 0.467207 0.300485 0.464727 0.300265
0 0.477265 0.320106 0.479883 0.315035 0.484292 0.305996 0.485395 0.305996 0.485946 0.308201 0.486084 0.312169 0.487048 0.314594 0.489528 0.316138 0.492284 0.316578 0.494351 0.319224 0.492835 0.320547 0.487737 0.317681 0.486359 0.320326 0.487048 0.322310 0.491182 0.324735 0.495177 0.325176 0.496831 0.326940 0.498209 0.329806 0.498071 0.333554 0.496831 0.336861 0.494626 0.339065 0.493248 0.340388 0.491733 0.341711 0.489528 0.339506 0.488013 0.335317 0.485532 0.330467 0.481674 0.324735
0 0.576562 0.423125 0.575291 0.424304 0.572660 0.429647 0.570535 0.423494 0.567904 0.420418 0.573047 0.420000 0.573828 0.418750 0.573828 0.413750 0.575089 0.409245 0.570940 0.404712 0.574583 0.400502 0.574453 0.391750 0.573984 0.387250 0.574077 0.383501 0.573267 0.381720 0.570940 0.381720 0.569928 0.379777 0.570234 0.377250 0.570391 0.374750 0.571328 0.373125 0.571484 0.371250 0.572266 0.370000 0.572266 0.366250 0.571484 0.365000 0.571484 0.357500 0.571875 0.356875 0.572656 0.356875 0.573438 0.355625 0.574219 0.355625 0.575000 0.354375 0.575781 0.354375 0.576562 0.353125 0.580469 0.353125 0.581250 0.354375 0.582031 0.354375 0.583984 0.357500 0.583984 0.385000 0.583203 0.386250 0.583203 0.396250 0.582422 0.397500 0.582422 0.400000 0.581641 0.401250 0.581641 0.406250 0.580859 0.407500 0.580859 0.411250 0.578516 0.415000 0.578516 0.417500 0.577734 0.418750 0.577734 0.421250
