0 0.541406 0.750625 0.540625 0.749375 0.533594 0.749375 0.532813 0.748125 0.530469 0.748125 0.529687 0.746875 0.525781 0.745625 0.516406 0.738125 0.514844 0.735625 0.510156 0.731875 0.503906 0.721875 0.503125 0.721875 0.501953 0.720000 0.500391 0.717500 0.500391 0.716250 0.493359 0.705000 0.493359 0.703750 0.491797 0.701250 0.490234 0.696250 0.484766 0.686250 0.483984 0.682500 0.481641 0.678750 0.480859 0.676250 0.480859 0.673750 0.480078 0.672500 0.480078 0.668750 0.478516 0.663750 0.478516 0.658750 0.477734 0.657500 0.477734 0.642500 0.478516 0.641250 0.478516 0.636250 0.479297 0.635000 0.479297 0.631250 0.480859 0.626250 0.483203 0.622500 0.483203 0.620000 0.484766 0.616250 0.484766 0.613750 0.486719 0.609375 0.492188 0.608125 0.493750 0.605625 0.496094 0.605625 0.496875 0.604375 0.499219 0.604375 0.501563 0.606875 0.507031 0.606875 0.507812 0.608125 0.514062 0.608125 0.515625 0.609375 0.521094 0.616875 0.521875 0.616875 0.526563 0.623125 0.527344 0.623125 0.542188 0.645625 0.542969 0.645625 0.545312 0.649375 0.546094 0.649375 0.548828 0.655000 0.548828 0.656250 0.551953 0.661250 0.551953 0.662500 0.556641 0.671250 0.556641 0.675000 0.558203 0.677500 0.559766 0.682500 0.559766 0.685000 0.561328 0.687500 0.562109 0.690000 0.562109 0.692500 0.562891 0.693750 0.562891 0.698750 0.563672 0.700000 0.563672 0.706250 0.564453 0.707500 0.564453 0.721250 0.561328 0.731250 0.561328 0.733750 0.556250 0.741875 0.555469 0.741875 0.553125 0.745625 0.551562 0.746875 0.550000 0.746875 0.546875 0.749375 0.542188 0.749375
0 0.460613 0.685490 0.448894 0.685490 0.448113 0.684240 0.444988 0.684240 0.444207 0.682990 0.442644 0.682990 0.441863 0.681740 0.440300 0.681740 0.437957 0.679240 0.437175 0.679240 0.434050 0.674240 0.431707 0.672990 0.427410 0.666115 0.427410 0.664865 0.425066 0.661115 0.425066 0.659865 0.423504 0.657365 0.423504 0.653615 0.422722 0.652365 0.422722 0.648615 0.421941 0.647365 0.421941 0.622365 0.422722 0.621115 0.422722 0.619865 0.423504 0.618615 0.423504 0.617365 0.424285 0.616115 0.424285 0.614865 0.425066 0.613615 0.425847 0.609865 0.427410 0.607365 0.427410 0.604865 0.430535 0.598615 0.431316 0.594865 0.433269 0.591740 0.434050 0.591740 0.437957 0.585490 0.438738 0.585490 0.441082 0.582990 0.442644 0.582990 0.443425 0.581740 0.444988 0.581740 0.445769 0.580490 0.447332 0.580490 0.448113 0.579240 0.449675 0.579240 0.450457 0.577990 0.459832 0.577990 0.460613 0.576740 0.462957 0.576740 0.463738 0.577990 0.467644 0.577990 0.468425 0.579240 0.469988 0.579240 0.470769 0.580490 0.472332 0.580490 0.474675 0.582990 0.476238 0.582990 0.477800 0.585490 0.478582 0.585490 0.480144 0.587990 0.480925 0.587990 0.483523 0.592958 0.483358 0.597441 0.482699 0.599156 0.481628 0.602056 0.480144 0.605617 0.480639 0.610100 0.480639 0.613396 0.480556 0.616692 0.482097 0.617365 0.482097 0.618615 0.479754 0.624865 0.479754 0.627365 0.478972 0.628615 0.478972 0.633615 0.478191 0.634865 0.478191 0.638615 0.477410 0.639865 0.477410 0.661115 0.478191 0.662365 0.478191 0.666115 0.478972 0.667365 0.478972 0.669865 0.478191 0.671115 0.478191 0.673615 0.477019 0.675490 0.474675 0.676740 0.473113 0.679240 0.471550 0.679240 0.470769 0.680490 0.469988 0.680490 0.468425 0.682990 0.466082 0.682990 0.465300 0.684240 0.461394 0.684240
0 0.451037 0.494893 0.443679 0.503376 0.437944 0.511513 0.434048 0.521208 0.431668 0.528480 0.430369 0.542330 0.431451 0.556700 0.432425 0.569685 0.433940 0.577822 0.435888 0.584747 0.438701 0.583708 0.440973 0.581977 0.446059 0.579207 0.451037 0.577130 0.454932 0.576956 0.459693 0.576610 0.465103 0.577130 0.468350 0.578341 0.471596 0.579553 0.474626 0.581458 0.478305 0.578688 0.482200 0.578515 0.485122 0.578341 0.486961 0.575918 0.484472 0.573667 0.486853 0.573321 0.489883 0.574013 0.494536 0.577995 0.496591 0.578688 0.498647 0.574359 0.500595 0.566742 0.501028 0.554276 0.499838 0.546659 0.497241 0.538175 0.495509 0.529692 0.495185 0.520862 0.495401 0.513937 0.489233 0.503376 0.481875 0.495758 0.476032 0.490045 0.470838 0.488141 0.464454 0.489179 0.457096 0.490391
0 0.524554 0.581339 0.535045 0.567232 0.545312 0.559911 0.554353 0.558125 0.559821 0.558125 0.569085 0.559911 0.576004 0.562946 0.582812 0.568304 0.588504 0.577768 0.592857 0.585268 0.595647 0.591518 0.598214 0.599196 0.600112 0.609196 0.601562 0.617411 0.601786 0.626518 0.602121 0.631518 0.600558 0.633304 0.599665 0.629375 0.598772 0.626161 0.596429 0.623661 0.594420 0.622768 0.591183 0.619554 0.584598 0.589911 0.582143 0.592411 0.583817 0.599375 0.585826 0.607946 0.587165 0.613482 0.588393 0.620446 0.585714 0.622232 0.582812 0.622411 0.581920 0.629196 0.582031 0.634554 0.582143 0.637768 0.577902 0.638839 0.573996 0.639732 0.569643 0.642946 0.566964 0.645804 0.564844 0.649196 0.563728 0.651696 0.563616 0.656696 0.564844 0.660268 0.566518 0.664196 0.570647 0.666875 0.573661 0.666161 0.574219 0.665625 0.576562 0.670804 0.573884 0.670982 0.569866 0.672768 0.561830 0.671339 0.557813 0.670804 0.546875 0.650804 0.535156 0.633661 0.531362 0.628661 0.527902 0.623661 0.523438 0.619554 0.517746 0.613304 0.516183 0.610089 0.518672 0.601000 0.518594 0.597750 0.521953 0.595000 0.519766 0.591875 0.520000 0.587875
0 0.526098 0.571392 0.523755 0.571392 0.522973 0.570142 0.516723 0.570142 0.515942 0.568892 0.513598 0.568892 0.512817 0.567642 0.509692 0.567642 0.506567 0.562642 0.505786 0.562642 0.503052 0.558267 0.503052 0.557017 0.501489 0.554517 0.500708 0.550767 0.499145 0.547017 0.499145 0.543267 0.498364 0.542017 0.498364 0.538267 0.497583 0.537017 0.497583 0.532017 0.496802 0.530767 0.496802 0.509517 0.497583 0.508267 0.497583 0.507017 0.498364 0.505767 0.498364 0.503267 0.499145 0.502017 0.499927 0.498267 0.501489 0.495767 0.501489 0.494517 0.506177 0.487017 0.506177 0.485767 0.508911 0.481392 0.509692 0.481392 0.510473 0.480142 0.512036 0.480142 0.512817 0.478892 0.515161 0.477642 0.515942 0.476392 0.517505 0.476392 0.518286 0.475142 0.520630 0.475142 0.521411 0.473892 0.523755 0.473892 0.524536 0.472642 0.536255 0.472642 0.537036 0.473892 0.538598 0.473892 0.539380 0.475142 0.540942 0.475142 0.541723 0.476392 0.543286 0.476392 0.544067 0.477642 0.546411 0.478892 0.547973 0.481392 0.550317 0.482642 0.556958 0.493267 0.556958 0.494517 0.558520 0.497017 0.558520 0.499517 0.559302 0.500767 0.559302 0.510767 0.560083 0.512017 0.560083 0.522017 0.560864 0.523267 0.560864 0.533267 0.560083 0.534517 0.560083 0.538267 0.559302 0.539517 0.559302 0.542017 0.558520 0.543267 0.558520 0.545767 0.556958 0.549517 0.556958 0.550767 0.555395 0.553267 0.555005 0.555142 0.554223 0.555142 0.553442 0.556392 0.551098 0.556392 0.550317 0.557642 0.547192 0.557642 0.546411 0.558892 0.544067 0.558892 0.543286 0.560142 0.541723 0.560142 0.540942 0.561392 0.539380 0.561392 0.538598 0.562642 0.537817 0.562642 0.535473 0.565142 0.534692 0.565142 0.533130 0.567642 0.531567 0.567642 0.529223 0.570142 0.526880 0.570142
0 0.576797 0.562250 0.572891 0.562250 0.572109 0.561000 0.569766 0.561000 0.568984 0.559750 0.566641 0.559750 0.565859 0.558500 0.561953 0.558500 0.561172 0.557250 0.557266 0.557250 0.556094 0.555375 0.556094 0.552875 0.557656 0.550375 0.557656 0.549125 0.558437 0.547875 0.558437 0.546625 0.559219 0.545375 0.559219 0.542875 0.560000 0.541625 0.560000 0.539125 0.560781 0.537875 0.560781 0.534125 0.561562 0.532875 0.561562 0.531625 0.562734 0.529750 0.565859 0.529750 0.566641 0.531000 0.568203 0.531000 0.569766 0.533500 0.570547 0.533500 0.571328 0.534750 0.572109 0.534750 0.574062 0.537875 0.574062 0.539125 0.576406 0.542875 0.576406 0.544125 0.577969 0.546625 0.577969 0.551625 0.578750 0.552875 0.577969 0.554125 0.577969 0.560375
0 0.500547 0.301750 0.495078 0.306375 0.491563 0.311500 0.488125 0.316250 0.486172 0.322750 0.484297 0.330875 0.483281 0.337250 0.483672 0.343500 0.484609 0.351250 0.485547 0.356125 0.487812 0.362875 0.491406 0.368250 0.495625 0.372875 0.499531 0.375750 0.505391 0.377500 0.510938 0.376875 0.516484 0.373500 0.520625 0.369625 0.527031 0.359750 0.529531 0.355000 0.531484 0.351750 0.533594 0.342875 0.534375 0.334250 0.534219 0.331375 0.528131 0.326303 0.524166 0.324417 0.520201 0.322702 0.519880 0.318759 0.521594 0.316187 0.521166 0.312757 0.519665 0.309842 0.515914 0.302298 0.514307 0.299211 0.508305 0.298354 0.505198 0.299383
0 0.518915 0.300583 0.520951 0.306756 0.522987 0.311728 0.525024 0.315501 0.527167 0.316701 0.530275 0.318244 0.530596 0.315672 0.529203 0.313786 0.527917 0.309671 0.524916 0.305213 0.522130 0.301955 0.520308 0.300583
0 0.557813 0.438125 0.549219 0.438125 0.548438 0.436875 0.546875 0.436875 0.546094 0.435625 0.543750 0.434375 0.540625 0.429375 0.539844 0.429375 0.539453 0.427500 0.534766 0.420000 0.534766 0.418750 0.533984 0.417500 0.533203 0.413750 0.532422 0.412500 0.532422 0.408750 0.531641 0.407500 0.531641 0.400000 0.530859 0.398750 0.530859 0.385000 0.530078 0.383750 0.530078 0.362500 0.530859 0.361250 0.530859 0.356250 0.531641 0.355000 0.531641 0.352500 0.532422 0.351250 0.532422 0.348750 0.533203 0.347500 0.533203 0.343750 0.533984 0.342500 0.533984 0.340000 0.534766 0.338750 0.535547 0.335000 0.537500 0.331875 0.537891 0.333750 0.539062 0.335625 0.540234 0.336250 0.541016 0.340000 0.544141 0.345000 0.544141 0.346250 0.545312 0.348125 0.546094 0.348125 0.546875 0.349375 0.548438 0.349375 0.550000 0.351875 0.552344 0.353125 0.554688 0.356875 0.557031 0.358125 0.558594 0.360625 0.559375 0.360625 0.560156 0.361875 0.561719 0.361875 0.562500 0.363125 0.566406 0.363125 0.567187 0.364375 0.569531 0.364375 0.570312 0.363125 0.576562 0.363125 0.576953 0.363750 0.576953 0.385000 0.576172 0.386250 0.576172 0.393750 0.575391 0.395000 0.575391 0.401250 0.574609 0.402500 0.574609 0.406250 0.573828 0.407500 0.573828 0.410000 0.573047 0.411250 0.573047 0.412500 0.571484 0.416250 0.571484 0.417500 0.569922 0.421250 0.569922 0.422500 0.566797 0.427500 0.566797 0.428750 0.565625 0.430625 0.564844 0.430625 0.561719 0.435625 0.560937 0.435625 0.560156 0.436875 0.558594 0.436875
0 0.547031 0.294500 0.555781 0.297000 0.563047 0.299625 0.570938 0.299875 0.574609 0.298125 0.573906 0.295625 0.565937 0.293375 0.558750 0.291625 0.555000 0.290500 0.557344 0.287750 0.561094 0.279125 0.561641 0.274750 0.563359 0.272500 0.566328 0.273625 0.568828 0.274750 0.571719 0.276250 0.574688 0.278875 0.576328 0.280625 0.578984 0.284625 0.580625 0.287500 0.582109 0.290000 0.584453 0.293750 0.585859 0.299375 0.587187 0.303375 0.588125 0.308000 0.588203 0.317125 0.588125 0.329875 0.586484 0.336625 0.584063 0.343625 0.581484 0.348375 0.579844 0.352750 0.576562 0.357250 0.572578 0.360375 0.568125 0.362250 0.562969 0.361375 0.557031 0.357000 0.546641 0.348125 0.543984 0.343250 0.540312 0.337375 0.538438 0.331750 0.536563 0.325625 0.535625 0.315125 0.535859 0.308500 0.537109 0.304125 0.550625 0.301375
0 0.452656 0.406125 0.446484 0.408500 0.440859 0.413500 0.438594 0.419875 0.437891 0.428625 0.440469 0.437500 0.444219 0.442375 0.449453 0.446750 0.454531 0.445625 0.460078 0.440875 0.463203 0.434000 0.464375 0.423625 0.462891 0.415375 0.456953 0.408125
0 0.493594 0.391500 0.487031 0.392125 0.483672 0.396875 0.480156 0.402750 0.477656 0.415000 0.476953 0.423625 0.480156 0.434875 0.484141 0.443375 0.487422 0.451125 0.493906 0.463375 0.498984 0.470125 0.506016 0.478250 0.509766 0.480000 0.514453 0.477250 0.517109 0.475500 0.521563 0.473375 0.524141 0.472375 0.527266 0.472250 0.530547 0.472375 0.533906 0.472625 0.537109 0.473250 0.541484 0.475125 0.545312 0.476875 0.546406 0.477000 0.548359 0.476875 0.549063 0.468875 0.545781 0.467250 0.542188 0.462500 0.537188 0.462500 0.531094 0.460750 0.527578 0.459250 0.527734 0.457375 0.530703 0.457000 0.536953 0.457625 0.540391 0.458375 0.545234 0.460000 0.549063 0.461000 0.550156 0.458875 0.550000 0.453375 0.549687 0.447625 0.548984 0.444000 0.547734 0.440875 0.545312 0.436875 0.543672 0.435375 0.538359 0.428625 0.533750 0.420875 0.531016 0.418625 0.526797 0.414375 0.522266 0.409875 0.517344 0.404875 0.510938 0.399625 0.506250 0.396000 0.503203 0.392875 0.499141 0.391625 0.496016 0.390875
