0 0.451899 0.300532 0.460626 0.293551 0.472261 0.293551 0.484520 0.296210 0.494494 0.301197 0.501766 0.305851 0.500727 0.316157 0.501558 0.324801 0.502389 0.331782 0.504052 0.338763 0.507168 0.344747 0.510701 0.351396 0.515272 0.355053 0.519635 0.358045 0.524622 0.359707 0.525661 0.363697 0.522752 0.366689 0.519012 0.369016 0.514233 0.372008 0.508623 0.377327 0.504883 0.381316 0.497195 0.380652 0.489092 0.378324 0.480157 0.375000 0.473093 0.369016 0.465405 0.362035 0.457509 0.357380 0.449614 0.347407 0.444835 0.334109 0.445042 0.320479 0.447744 0.308511
0 0.501974 0.304854 0.508207 0.291556 0.516103 0.281915 0.525661 0.275598 0.532102 0.273604 0.539582 0.273936 0.544984 0.277261 0.548309 0.280918 0.552049 0.287566 0.555165 0.294548 0.556204 0.299202 0.557243 0.305851 0.557451 0.313830 0.556204 0.322473 0.555581 0.329122 0.554126 0.336436 0.550179 0.343750 0.545608 0.349734 0.538543 0.353723 0.532517 0.355718 0.526492 0.356383 0.520674 0.356715 0.516103 0.354721 0.512986 0.351729 0.509246 0.345745 0.504052 0.332447 0.503013 0.323138 0.502182 0.313165
0 0.558074 0.299202 0.564723 0.300864 0.569294 0.304521 0.572827 0.310505 0.575736 0.318484 0.578229 0.327128 0.579891 0.337101 0.580930 0.346742 0.582177 0.359707 0.583216 0.375997 0.583423 0.392620 0.582800 0.402593 0.580930 0.410572 0.579476 0.417221 0.575736 0.420545 0.573658 0.407247 0.571580 0.398604 0.568048 0.391622 0.564931 0.384641 0.562853 0.380652 0.557659 0.375000 0.553503 0.371011 0.547893 0.368351 0.540621 0.364362 0.537296 0.363697 0.537504 0.357713 0.538127 0.354388 0.545815 0.350399 0.549763 0.344415 0.554126 0.336436 0.556412 0.327460 0.558074 0.318816 0.558698 0.311170 0.558905 0.304521
0 0.527531 0.364029 0.533556 0.363032 0.536257 0.363032 0.543322 0.365691 0.551633 0.369681 0.558282 0.375997 0.563269 0.382646 0.566593 0.390293 0.570125 0.399601 0.572827 0.408910 0.573866 0.417886 0.575320 0.427527 0.575320 0.437500 0.571996 0.450133 0.570749 0.459109 0.567840 0.466755 0.564723 0.473737 0.559113 0.479056 0.554958 0.483045 0.549555 0.485372 0.542491 0.485705 0.540205 0.485705 0.534595 0.485372 0.529401 0.484707 0.522960 0.482713 0.517557 0.480386 0.513610 0.476729 0.510701 0.472739 0.506545 0.467088 0.504883 0.463098 0.503221 0.457114 0.500935 0.449136 0.498026 0.440160 0.495948 0.432513 0.495117 0.426197 0.495117 0.411902 0.497818 0.399934 0.501143 0.393285 0.502805 0.387301 0.504467 0.381981 0.507584 0.378324 0.514233 0.373005 0.519427 0.368684
0 0.445874 0.369681 0.452315 0.365027 0.461873 0.364029 0.466444 0.364362 0.473093 0.370678 0.478703 0.375665 0.483066 0.379987 0.489092 0.387301 0.494078 0.395612 0.495533 0.402926 0.495533 0.410239 0.492832 0.420213 0.489923 0.428191 0.485144 0.433511 0.481612 0.434508 0.475586 0.434176 0.466859 0.434508 0.461665 0.436170 0.456055 0.436170 0.452522 0.430851 0.447328 0.423537 0.443588 0.416223 0.440263 0.405918 0.439017 0.394282 0.439432 0.383976
0 0.457925 0.437500 0.449614 0.441489 0.440471 0.451795 0.436939 0.463098 0.432368 0.481715 0.432368 0.493019 0.435069 0.506316 0.439640 0.515957 0.445874 0.526263 0.452522 0.529920 0.460418 0.530918 0.471846 0.531250 0.475586 0.529588 0.480988 0.525931 0.487429 0.519947 0.491585 0.513298 0.494494 0.502660 0.496156 0.495346 0.497403 0.485372 0.496364 0.473072 0.495325 0.464428 0.491585 0.455785 0.489507 0.451463 0.486390 0.446144 0.482443 0.440160 0.478910 0.437168 0.477040 0.436503 0.472885 0.435173 0.467067 0.434840 0.464781 0.435173 0.460834 0.435505
0 0.498234 0.474402 0.504052 0.471742 0.512155 0.472739 0.515064 0.477061 0.519843 0.483378 0.524830 0.491356 0.526492 0.497340 0.527115 0.505319 0.527323 0.513963 0.526492 0.517952 0.520466 0.524934 0.514856 0.533577 0.508831 0.544215 0.508207 0.553191 0.502805 0.550864 0.497818 0.544548 0.494078 0.537899 0.490130 0.527926 0.488260 0.520279 0.493039 0.512965 0.495741 0.502660 0.497403 0.496676 0.498442 0.484043
0 0.531686 0.490027 0.530440 0.497673 0.528570 0.504654 0.528777 0.512633 0.530647 0.519282 0.535634 0.520944 0.542491 0.524934 0.546439 0.530253 0.550179 0.540559 0.553088 0.551197 0.556204 0.558511 0.566178 0.557846 0.573034 0.552194 0.582177 0.534574 0.588202 0.515625 0.588410 0.497008 0.584670 0.483378 0.580099 0.472407 0.573866 0.469082 0.568255 0.472074 0.563269 0.477726 0.557659 0.484375 0.553919 0.485705 0.545608 0.487699 0.539790 0.488697
0 0.482027 0.541223 0.466651 0.542553 0.458756 0.543551 0.446081 0.556184 0.440471 0.562832 0.437355 0.573471 0.436316 0.591090 0.437147 0.610372 0.437770 0.622340 0.445874 0.634309 0.454185 0.641622 0.463743 0.646609 0.476209 0.650266 0.484936 0.650598 0.492416 0.647274 0.497611 0.640957 0.507168 0.621343 0.511532 0.613364 0.512778 0.606715 0.509246 0.596742 0.506129 0.584109 0.506545 0.570146 0.505506 0.563165 0.503636 0.558511 0.500519 0.553524 0.493455 0.544880
0 0.526284 0.524269 0.517765 0.533910 0.514856 0.543883 0.512363 0.555519 0.512363 0.575133 0.512571 0.590093 0.514233 0.602726 0.516103 0.614362 0.522960 0.628657 0.530232 0.638963 0.544984 0.645944 0.555789 0.633976 0.558490 0.616356 0.559529 0.587766 0.555581 0.568484 0.551633 0.547207 0.544984 0.535239 0.538127 0.526263
0 0.574281 0.594082 0.564515 0.595412 0.561191 0.602394 0.559737 0.612699 0.561399 0.620013 0.564931 0.628324 0.569710 0.629987 0.576567 0.629654 0.581761 0.623670 0.582384 0.615359 0.581138 0.604056 0.577813 0.598072
