0 0.440741 0.363298 0.453374 0.350000 0.465675 0.347872 0.476313 0.350532 0.485622 0.357447 0.493434 0.368617 0.498920 0.378191 0.499917 0.384043 0.498421 0.392819 0.497424 0.403457 0.498088 0.411170 0.499418 0.420213 0.500249 0.428989 0.500416 0.435106 0.497424 0.440957 0.491938 0.452128 0.487891 0.457625 0.478437 0.463625 0.468047 0.465250 0.457578 0.463625 0.451172 0.463125 0.446393 0.459043 0.441074 0.450532 0.437749 0.439894 0.432929 0.427926 0.430436 0.422872 0.428939 0.412234 0.429106 0.396011 0.432596 0.382713 0.436253 0.371543
0 0.551029 0.253419 0.540430 0.264907 0.531199 0.283233 0.526070 0.304294 0.525557 0.328091 0.530857 0.353255 0.536840 0.366384 0.545559 0.376778 0.556841 0.383342 0.569834 0.386078 0.580091 0.380607 0.590348 0.370487 0.601289 0.353255 0.606588 0.324809 0.606759 0.304568 0.605734 0.298003 0.596673 0.296636 0.588468 0.294995 0.582997 0.294174 0.577698 0.294174 0.573082 0.298003 0.568466 0.301559 0.564876 0.296636 0.562996 0.304021 0.562483 0.311953 0.554961 0.314962 0.548636 0.309765 0.548636 0.297730 0.545730 0.296089 0.542652 0.289798 0.545559 0.282139 0.546072 0.275301 0.546072 0.266275 0.549149 0.261351
0 0.561799 0.248222 0.563680 0.258616 0.564534 0.265728 0.572740 0.256701 0.580604 0.256154 0.584023 0.259710 0.580262 0.266822 0.585903 0.267369 0.590690 0.269557 0.588126 0.274480 0.593254 0.276668 0.598041 0.280771 0.599921 0.281592 0.598896 0.276668 0.592570 0.264633 0.587271 0.258069 0.580604 0.252325 0.570860 0.249590 0.564192 0.249043
0 0.453092 0.464043 0.448026 0.468750 0.447208 0.474242 0.448026 0.481564 0.452112 0.485225 0.457832 0.487840 0.463062 0.487578 0.467312 0.483394 0.469763 0.477903 0.470254 0.472150 0.468619 0.469012 0.467312 0.467965 0.464697 0.466396 0.461101 0.465873 0.457178 0.465612
0 0.529687 0.458125 0.522656 0.458125 0.521875 0.456875 0.518750 0.456875 0.517969 0.455625 0.517188 0.455625 0.516406 0.454375 0.514062 0.453125 0.511719 0.449375 0.510938 0.449375 0.508203 0.445000 0.508203 0.443750 0.506641 0.441250 0.506641 0.440000 0.505078 0.436250 0.504297 0.432500 0.503516 0.431250 0.503516 0.428750 0.502734 0.427500 0.502734 0.425000 0.501953 0.423750 0.501953 0.418750 0.501172 0.417500 0.501172 0.415000 0.500391 0.413750 0.500391 0.392500 0.501172 0.391250 0.501172 0.385000 0.501953 0.383750 0.501953 0.381250 0.502734 0.380000 0.502734 0.377500 0.505859 0.372500 0.505859 0.371250 0.510156 0.364375 0.510938 0.364375 0.512500 0.361875 0.513281 0.361875 0.514062 0.360625 0.515625 0.360625 0.516406 0.359375 0.517969 0.359375 0.518750 0.358125 0.529687 0.358125 0.533594 0.364375 0.534375 0.364375 0.536328 0.367500 0.536328 0.368750 0.538281 0.371875 0.539062 0.371875 0.540234 0.373750 0.540234 0.376250 0.541016 0.377500 0.541016 0.378750 0.545703 0.386250 0.545703 0.388750 0.546484 0.390000 0.546484 0.393750 0.547266 0.395000 0.547266 0.397500 0.548047 0.398750 0.548047 0.403750 0.548828 0.405000 0.548047 0.406250 0.548047 0.418750 0.547266 0.420000 0.547266 0.428750 0.546484 0.430000 0.546484 0.432500 0.545703 0.433750 0.544922 0.437500 0.544141 0.438750 0.544141 0.440000 0.542578 0.442500 0.542578 0.443750 0.538672 0.450000 0.538672 0.451250 0.537500 0.453125 0.536719 0.453125 0.534375 0.455625 0.532813 0.455625 0.532031 0.456875 0.530469 0.456875
0 0.596875 0.424375 0.586719 0.424375 0.585938 0.423125 0.584375 0.423125 0.582031 0.419375 0.581250 0.419375 0.579297 0.416250 0.579297 0.415000 0.578516 0.413750 0.578516 0.412500 0.576953 0.410000 0.576953 0.408750 0.576172 0.407500 0.576172 0.405000 0.575391 0.403750 0.575391 0.391250 0.576172 0.390000 0.576172 0.387500 0.577344 0.385625 0.578125 0.385625 0.578906 0.384375 0.579688 0.384375 0.580469 0.383125 0.581250 0.383125 0.582812 0.380625 0.583594 0.380625 0.584375 0.379375 0.585938 0.379375 0.586719 0.378125 0.589844 0.378125 0.590625 0.376875 0.592187 0.376875 0.592969 0.378125 0.596094 0.378125 0.596875 0.379375 0.597656 0.379375 0.598437 0.380625 0.599219 0.380625 0.600000 0.381875 0.600781 0.381875 0.602734 0.385000 0.602734 0.386250 0.604297 0.388750 0.604297 0.392500 0.605078 0.393750 0.605078 0.407500 0.604297 0.408750 0.604297 0.411250 0.603516 0.412500 0.603516 0.413750 0.601953 0.416250 0.601953 0.417500 0.600391 0.420000 0.600391 0.421250 0.600000 0.421875 0.599219 0.421875 0.598437 0.423125 0.597656 0.423125
0 0.575000 0.521875 0.571875 0.521875 0.571094 0.520625 0.570312 0.520625 0.567969 0.516875 0.567187 0.516875 0.566797 0.515000 0.563281 0.509375 0.562500 0.509375 0.562109 0.507500 0.557422 0.500000 0.557422 0.498750 0.555859 0.496250 0.555859 0.495000 0.554297 0.492500 0.553516 0.486250 0.551953 0.483750 0.551953 0.481250 0.550391 0.477500 0.549609 0.471250 0.548047 0.468750 0.548047 0.466250 0.547266 0.465000 0.547266 0.463750 0.545703 0.461250 0.545703 0.460000 0.544531 0.459375 0.542578 0.456250 0.542578 0.447500 0.547266 0.433750 0.547266 0.431250 0.548047 0.430000 0.548047 0.426250 0.548828 0.425000 0.548828 0.421250 0.549609 0.420000 0.549609 0.408750 0.550391 0.407500 0.550391 0.401250 0.551953 0.397500 0.553516 0.391250 0.554688 0.389375 0.556250 0.389375 0.557031 0.388125 0.576562 0.388125 0.576953 0.391250 0.576172 0.392500 0.576172 0.397500 0.575391 0.398750 0.575391 0.401250 0.576172 0.402500 0.576172 0.405000 0.576953 0.406250 0.580078 0.417500 0.582031 0.420625 0.582812 0.420625 0.586719 0.424375 0.589063 0.424375 0.589844 0.425625 0.591406 0.425625 0.593359 0.428750 0.593359 0.430000 0.594141 0.431250 0.594141 0.433750 0.594922 0.435000 0.594922 0.437500 0.594141 0.438750 0.594141 0.446250 0.594922 0.447500 0.594922 0.452500 0.594141 0.453750 0.594141 0.457500 0.594922 0.458750 0.594922 0.466250 0.594141 0.467500 0.594141 0.478750 0.593359 0.480000 0.593359 0.485000 0.592578 0.486250 0.591797 0.492500 0.590234 0.496250 0.590234 0.498750 0.586328 0.506250 0.583984 0.515000 0.582812 0.515625 0.581250 0.518125 0.579688 0.518125 0.578906 0.519375 0.578125 0.519375 0.577344 0.520625 0.575781 0.520625
0 0.572656 0.659375 0.563281 0.659375 0.562500 0.658125 0.560937 0.658125 0.560156 0.656875 0.556250 0.654375 0.547266 0.640000 0.546484 0.636250 0.544922 0.633750 0.544922 0.631250 0.541016 0.620000 0.541016 0.616250 0.540234 0.615000 0.540234 0.612500 0.539453 0.611250 0.539453 0.607500 0.538672 0.606250 0.538672 0.603750 0.537891 0.602500 0.537891 0.601250 0.537109 0.600000 0.536328 0.593750 0.535547 0.592500 0.534766 0.586250 0.533984 0.585000 0.533984 0.578750 0.534766 0.577500 0.534766 0.573750 0.533984 0.572500 0.533984 0.563750 0.534766 0.562500 0.534766 0.555000 0.535547 0.553750 0.535547 0.552500 0.537891 0.550000 0.537891 0.548750 0.541016 0.542500 0.541016 0.541250 0.543359 0.538750 0.543359 0.537500 0.544922 0.535000 0.544922 0.533750 0.546484 0.531250 0.546484 0.530000 0.549219 0.525625 0.550000 0.525625 0.550781 0.524375 0.552344 0.524375 0.553125 0.523125 0.559375 0.523125 0.560156 0.524375 0.562500 0.524375 0.565625 0.528125 0.568750 0.528125 0.572656 0.534375 0.573438 0.534375 0.575391 0.537500 0.575391 0.538750 0.577734 0.542500 0.577734 0.543750 0.579297 0.547500 0.579297 0.550000 0.580078 0.551250 0.580078 0.553750 0.582422 0.558750 0.582422 0.561250 0.583984 0.565000 0.584766 0.571250 0.585547 0.572500 0.585547 0.576250 0.587109 0.580000 0.587109 0.583750 0.587891 0.585000 0.587891 0.595000 0.588672 0.596250 0.588672 0.608750 0.589453 0.610000 0.589453 0.623750 0.588672 0.625000 0.587891 0.633750 0.584766 0.642500 0.584766 0.645000 0.578125 0.655625 0.577344 0.655625 0.575000 0.658125 0.573438 0.658125
0 0.464062 0.641875 0.451562 0.641875 0.450781 0.640625 0.449219 0.640625 0.446875 0.636875 0.446094 0.636875 0.444922 0.635000 0.444531 0.633125 0.443359 0.632500 0.443359 0.631250 0.441016 0.627500 0.441016 0.626250 0.439453 0.623750 0.439453 0.621250 0.438672 0.620000 0.438672 0.617500 0.437891 0.616250 0.437891 0.613750 0.437109 0.612500 0.437109 0.607500 0.436328 0.606250 0.436328 0.601250 0.435547 0.600000 0.435547 0.556250 0.436328 0.555000 0.436328 0.543750 0.437109 0.542500 0.437109 0.538750 0.437891 0.537500 0.437891 0.533750 0.439844 0.531875 0.443750 0.531875 0.444531 0.533125 0.446875 0.533125 0.449219 0.535625 0.451562 0.535625 0.452344 0.536875 0.453906 0.536875 0.456250 0.539375 0.457813 0.539375 0.458594 0.540625 0.460156 0.540625 0.460938 0.541875 0.462500 0.541875 0.464062 0.544375 0.464844 0.544375 0.465625 0.545625 0.467969 0.545625 0.468750 0.546875 0.470313 0.546875 0.471094 0.548125 0.471875 0.546875 0.477344 0.546875 0.479297 0.548750 0.479297 0.560000 0.480078 0.561250 0.480078 0.570000 0.478516 0.573750 0.478516 0.576250 0.477734 0.577500 0.477734 0.590000 0.478516 0.591250 0.478516 0.603750 0.477734 0.605000 0.477734 0.610000 0.476953 0.611250 0.476953 0.616250 0.476172 0.617500 0.476172 0.623750 0.472266 0.630000 0.472266 0.631250 0.471094 0.633125 0.470313 0.633125 0.467187 0.638125 0.466406 0.638125
0 0.523438 0.556875 0.517188 0.556875 0.516406 0.555625 0.515625 0.555625 0.514062 0.553125 0.512500 0.553125 0.510156 0.550625 0.509375 0.550625 0.500391 0.536250 0.500391 0.535000 0.499609 0.533750 0.499609 0.528750 0.498828 0.527500 0.498828 0.523750 0.498047 0.522500 0.498047 0.520000 0.497266 0.518750 0.498047 0.517500 0.498047 0.503750 0.497266 0.502500 0.498828 0.500000 0.498828 0.498750 0.500391 0.496250 0.500391 0.495000 0.501172 0.493750 0.501172 0.492500 0.501953 0.491250 0.501953 0.490000 0.502734 0.488750 0.502734 0.487500 0.505859 0.482500 0.505859 0.481250 0.509375 0.475625 0.510156 0.475625 0.510938 0.474375 0.511719 0.474375 0.512500 0.473125 0.513281 0.473125 0.515625 0.470625 0.516406 0.470625 0.517188 0.469375 0.518750 0.469375 0.521094 0.466875 0.523438 0.466875 0.524219 0.465625 0.525000 0.465625 0.525781 0.464375 0.526563 0.464375 0.527344 0.465625 0.531250 0.465625 0.533594 0.468125 0.534375 0.468125 0.534766 0.468750 0.534766 0.471250 0.535156 0.471875 0.535937 0.471875 0.536719 0.473125 0.537500 0.473125 0.538281 0.474375 0.539062 0.474375 0.544922 0.483750 0.544922 0.485000 0.545312 0.485625 0.546094 0.485625 0.547266 0.487500 0.547266 0.490000 0.548047 0.491250 0.548047 0.493750 0.548828 0.495000 0.548828 0.497500 0.549609 0.498750 0.549609 0.502500 0.550391 0.503750 0.550391 0.507500 0.551172 0.508750 0.551172 0.511250 0.552344 0.513125 0.553125 0.513125 0.553516 0.513750 0.553516 0.515000 0.551172 0.518750 0.551172 0.521250 0.547656 0.526875 0.546875 0.526875 0.544922 0.530000 0.544922 0.531250 0.544141 0.532500 0.544141 0.533750 0.542578 0.537500 0.542578 0.538750 0.541016 0.541250 0.541016 0.542500 0.537500 0.548125 0.536719 0.548125 0.533594 0.553125 0.532031 0.553125 0.531250 0.554375 0.528125 0.554375 0.527344 0.555625 0.524219 0.555625
0 0.504219 0.437500 0.500859 0.437375 0.498672 0.441625 0.493984 0.450250 0.490469 0.456625 0.487969 0.463625 0.488672 0.474250 0.489766 0.483375 0.492031 0.491000 0.492813 0.495000 0.494766 0.499125 0.497891 0.499250 0.498984 0.496000 0.500859 0.490250 0.502344 0.485375 0.503906 0.481750 0.507109 0.477375 0.510156 0.474500 0.514844 0.468750 0.516641 0.467250 0.522031 0.464375 0.524063 0.463500 0.528906 0.461625 0.516016 0.460375 0.513125 0.454375 0.509922 0.450750 0.507734 0.445875 0.504063 0.438875
0 0.495283 0.520524 0.485848 0.533766 0.482041 0.547802 0.482372 0.559719 0.483696 0.561308 0.489821 0.549391 0.492138 0.548067 0.494455 0.547007 0.495945 0.540651 0.496772 0.531912 0.496607 0.524497
0 0.524083 0.559454 0.521435 0.574815 0.516304 0.580111 0.513986 0.584878 0.520111 0.585143 0.524414 0.582760 0.527890 0.581700 0.530704 0.578522 0.532028 0.573755 0.531531 0.568194 0.531697 0.562368 0.531862 0.558660 0.530538 0.558395 0.527890 0.558925
