0 0.529687 0.451875 0.521094 0.451875 0.520312 0.450625 0.519531 0.450625 0.517188 0.446875 0.516406 0.446875 0.512500 0.443125 0.510938 0.443125 0.510156 0.441875 0.509375 0.441875 0.504297 0.433750 0.504297 0.432500 0.503125 0.431875 0.501172 0.428750 0.501172 0.427500 0.500391 0.426250 0.500391 0.423750 0.498828 0.421250 0.497266 0.415000 0.495703 0.412500 0.494922 0.408750 0.493359 0.406250 0.492578 0.402500 0.491797 0.401250 0.491016 0.395000 0.490234 0.393750 0.490234 0.383750 0.489453 0.382500 0.489453 0.375000 0.488672 0.373750 0.488672 0.366250 0.491016 0.360000 0.492578 0.348750 0.494922 0.345000 0.494922 0.343750 0.496484 0.342500 0.497266 0.338750 0.498828 0.336250 0.500391 0.330000 0.501563 0.328125 0.505469 0.325625 0.507031 0.323125 0.507812 0.323125 0.510156 0.320625 0.514062 0.319375 0.517188 0.315625 0.519531 0.315625 0.520312 0.314375 0.522656 0.314375 0.523438 0.313125 0.528125 0.313125 0.528906 0.314375 0.535156 0.314375 0.535937 0.315625 0.539062 0.315625 0.542188 0.319375 0.546094 0.320625 0.548438 0.324375 0.549219 0.324375 0.552344 0.328125 0.553125 0.328125 0.562109 0.345000 0.562109 0.346250 0.564453 0.352500 0.564453 0.355000 0.566016 0.358750 0.566016 0.361250 0.567578 0.365000 0.567578 0.367500 0.568359 0.368750 0.568359 0.373750 0.569922 0.377500 0.569922 0.401250 0.569141 0.402500 0.569141 0.408750 0.567578 0.412500 0.566797 0.416250 0.565234 0.418750 0.565234 0.421250 0.564453 0.422500 0.564453 0.423750 0.561328 0.428750 0.561328 0.430000 0.558594 0.434375 0.557813 0.434375 0.553906 0.439375 0.550000 0.441875 0.546875 0.445625 0.542969 0.446875 0.542188 0.448125 0.541406 0.448125 0.540625 0.449375 0.539062 0.449375 0.538281 0.450625 0.530469 0.450625
0 0.534375 0.568125 0.532031 0.568125 0.531250 0.566875 0.528906 0.566875 0.528125 0.565625 0.526563 0.565625 0.525781 0.564375 0.524219 0.564375 0.521875 0.561875 0.520312 0.561875 0.519531 0.560625 0.517188 0.559375 0.510938 0.549375 0.510156 0.549375 0.506250 0.543125 0.505469 0.543125 0.503125 0.539375 0.502344 0.539375 0.501172 0.537500 0.501172 0.536250 0.499609 0.533750 0.499609 0.530000 0.498828 0.528750 0.498828 0.521250 0.498047 0.520000 0.498047 0.508750 0.498828 0.507500 0.498828 0.502500 0.499609 0.501250 0.499609 0.497500 0.500391 0.496250 0.500391 0.493750 0.501172 0.492500 0.501172 0.490000 0.503906 0.485625 0.506250 0.484375 0.510156 0.479375 0.510938 0.479375 0.513281 0.476875 0.514844 0.476875 0.517188 0.474375 0.521094 0.474375 0.521875 0.473125 0.525000 0.473125 0.525781 0.471875 0.532813 0.471875 0.533594 0.470625 0.539844 0.470625 0.540625 0.471875 0.543750 0.471875 0.544531 0.473125 0.546875 0.473125 0.547656 0.474375 0.549219 0.474375 0.550781 0.476875 0.553125 0.478125 0.555469 0.481875 0.556250 0.481875 0.558984 0.486250 0.558984 0.487500 0.560547 0.490000 0.560547 0.491250 0.562109 0.495000 0.562109 0.497500 0.562891 0.498750 0.562891 0.502500 0.563672 0.503750 0.563672 0.507500 0.564453 0.508750 0.564453 0.527500 0.563672 0.528750 0.563672 0.532500 0.562891 0.533750 0.562891 0.536250 0.561328 0.538750 0.561328 0.540000 0.559766 0.543750 0.559766 0.545000 0.556641 0.550000 0.556641 0.551250 0.553125 0.556875 0.552344 0.556875 0.550781 0.559375 0.549219 0.559375 0.548438 0.560625 0.546875 0.560625 0.546094 0.561875 0.543750 0.561875 0.542969 0.563125 0.541406 0.563125 0.540625 0.564375 0.539062 0.564375 0.538281 0.565625 0.537500 0.565625 0.536719 0.566875 0.535156 0.566875
0 0.564063 0.669375 0.555469 0.669375 0.554688 0.668125 0.550781 0.668125 0.550000 0.666875 0.547656 0.666875 0.546875 0.665625 0.545312 0.665625 0.544531 0.664375 0.542969 0.664375 0.542188 0.663125 0.541406 0.663125 0.539844 0.660625 0.537500 0.659375 0.535937 0.656875 0.535156 0.656875 0.532031 0.651875 0.531250 0.651875 0.530859 0.650000 0.527734 0.646250 0.526953 0.642500 0.524609 0.638750 0.524609 0.637500 0.523828 0.636250 0.522969 0.628750 0.522266 0.623750 0.521406 0.609375 0.522266 0.602750 0.523047 0.596250 0.524609 0.592500 0.524609 0.590000 0.525391 0.588750 0.525391 0.586250 0.526172 0.585000 0.526172 0.583750 0.527734 0.581250 0.527734 0.580000 0.528906 0.578125 0.530078 0.577500 0.530078 0.576250 0.531641 0.573750 0.532031 0.571875 0.532813 0.571875 0.534375 0.569375 0.535156 0.569375 0.535937 0.568125 0.536719 0.568125 0.537500 0.566875 0.538281 0.566875 0.542188 0.563125 0.545312 0.563125 0.546094 0.561875 0.550000 0.561875 0.550781 0.560625 0.557031 0.560625 0.557813 0.561875 0.560937 0.561875 0.561719 0.563125 0.564063 0.563125 0.564844 0.564375 0.566406 0.564375 0.567187 0.565625 0.569531 0.566875 0.571875 0.570625 0.574219 0.571875 0.579297 0.580000 0.579297 0.581250 0.580859 0.583750 0.580859 0.586250 0.582422 0.588750 0.582422 0.591250 0.584766 0.595000 0.584766 0.597500 0.585547 0.598750 0.585547 0.601250 0.586328 0.602500 0.586328 0.606250 0.587109 0.607500 0.587109 0.611250 0.587891 0.612500 0.587891 0.618750 0.588672 0.620000 0.588672 0.630000 0.587891 0.631250 0.587891 0.635000 0.586328 0.638750 0.586328 0.640000 0.584766 0.643750 0.584766 0.645000 0.582422 0.648750 0.582422 0.650000 0.580078 0.653750 0.580078 0.655000 0.578125 0.658125 0.575781 0.659375 0.573438 0.663125 0.572656 0.663125 0.571875 0.664375 0.571094 0.664375 0.570312 0.665625 0.567969 0.666875 0.567187 0.668125 0.564844 0.668125
0 0.506250 0.663125 0.498437 0.663125 0.497656 0.661875 0.495312 0.661875 0.494531 0.660625 0.492188 0.659375 0.490625 0.656875 0.489844 0.656875 0.485547 0.650000 0.485547 0.648750 0.483203 0.645000 0.483203 0.643750 0.480078 0.638750 0.479297 0.635000 0.477734 0.631250 0.477734 0.626250 0.476953 0.625000 0.476953 0.617500 0.476172 0.616250 0.476172 0.607500 0.475391 0.606250 0.475391 0.600000 0.474609 0.598750 0.474609 0.587500 0.473828 0.586250 0.473828 0.582500 0.474609 0.581250 0.474609 0.580000 0.473828 0.578750 0.473828 0.577500 0.474609 0.576250 0.474609 0.571250 0.475391 0.570000 0.475391 0.568750 0.476172 0.567500 0.476172 0.565000 0.477734 0.562500 0.478516 0.558750 0.479375 0.554875 0.481797 0.551500 0.483438 0.547625 0.485156 0.544250 0.487422 0.542750 0.487500 0.548125 0.489531 0.548750 0.491953 0.549000 0.493828 0.548000 0.495781 0.547375 0.496250 0.546125 0.496563 0.545000 0.496484 0.544000 0.496719 0.542125 0.497656 0.540625 0.499219 0.540625 0.502812 0.542000 0.507031 0.546875 0.508594 0.549375 0.509375 0.549375 0.517578 0.562500 0.518359 0.566250 0.519141 0.567500 0.519141 0.570000 0.521328 0.579500 0.522188 0.598125 0.520781 0.605125 0.520781 0.612375 0.520859 0.614125 0.521094 0.616250 0.521172 0.619750 0.521953 0.626500 0.523047 0.633750 0.523047 0.640000 0.522266 0.641250 0.522266 0.643750 0.515625 0.654375 0.514844 0.654375 0.512500 0.658125 0.511719 0.658125
0 0.486719 0.364375 0.485547 0.362500 0.485547 0.361250 0.482422 0.356250 0.482422 0.351250 0.483203 0.350000 0.483203 0.347500 0.480859 0.343750 0.480859 0.331250 0.481641 0.330000 0.481641 0.326250 0.482422 0.325000 0.482422 0.322500 0.483984 0.320000 0.483984 0.318750 0.484766 0.317500 0.484766 0.316250 0.486328 0.313750 0.486328 0.312500 0.487500 0.310625 0.488281 0.310625 0.490625 0.306875 0.491406 0.306875 0.492188 0.305625 0.492969 0.305625 0.493750 0.304375 0.494531 0.304375 0.495312 0.303125 0.496875 0.303125 0.497656 0.301875 0.501563 0.301875 0.502344 0.300625 0.507031 0.300625 0.507812 0.301875 0.509375 0.301875 0.510156 0.303125 0.510938 0.303125 0.511719 0.304375 0.513281 0.304375 0.514062 0.305625 0.514844 0.305625 0.516406 0.308125 0.517188 0.308125 0.519141 0.311250 0.519141 0.312500 0.518359 0.313750 0.518359 0.315000 0.517969 0.315625 0.517188 0.315625 0.516406 0.316875 0.515625 0.316875 0.514844 0.318125 0.514062 0.318125 0.513281 0.319375 0.512500 0.319375 0.511719 0.320625 0.510156 0.320625 0.508594 0.323125 0.507812 0.323125 0.507031 0.324375 0.506250 0.324375 0.504687 0.326875 0.503906 0.326875 0.503125 0.328125 0.502344 0.328125 0.501563 0.329375 0.500781 0.329375 0.496484 0.336250 0.496484 0.337500 0.495703 0.338750 0.495703 0.340000 0.494922 0.341250 0.494922 0.342500 0.491797 0.347500 0.491797 0.350000 0.491016 0.351250 0.491016 0.355000 0.489453 0.357500 0.489453 0.360000
0 0.568750 0.418125 0.568359 0.417500 0.568359 0.401250 0.569922 0.400000 0.569922 0.393750 0.569141 0.392500 0.569922 0.391250 0.569922 0.387500 0.569141 0.386250 0.569141 0.378750 0.568359 0.377500 0.568359 0.371250 0.567578 0.370000 0.567578 0.366250 0.566797 0.365000 0.566797 0.362500 0.564453 0.356250 0.564453 0.353750 0.562891 0.350000 0.562891 0.348750 0.559766 0.342500 0.559766 0.341250 0.555078 0.333750 0.555078 0.332500 0.551562 0.326875 0.550781 0.326875 0.546875 0.321875 0.546094 0.321875 0.543750 0.319375 0.542188 0.319375 0.541406 0.318125 0.540625 0.318125 0.539062 0.315625 0.537891 0.315000 0.539453 0.312500 0.539844 0.310625 0.540625 0.310625 0.542188 0.308125 0.542969 0.308125 0.544531 0.305625 0.546094 0.305625 0.548438 0.303125 0.557031 0.303125 0.557813 0.304375 0.559375 0.304375 0.560156 0.305625 0.561719 0.305625 0.564063 0.309375 0.564844 0.309375 0.568359 0.315000 0.569141 0.318750 0.570703 0.321250 0.570703 0.322500 0.572266 0.326250 0.572266 0.328750 0.573047 0.330000 0.573047 0.336250 0.573828 0.337500 0.573828 0.343750 0.574609 0.345000 0.574609 0.361250 0.575391 0.362500 0.574609 0.363750 0.574609 0.368750 0.575391 0.370000 0.574609 0.371250 0.574609 0.385000 0.573828 0.386250 0.573828 0.395000 0.573047 0.396250 0.573047 0.403750 0.571875 0.404375 0.569922 0.408750 0.569922 0.412500 0.569141 0.413750 0.569141 0.417500
0 0.487722 0.376741 0.479018 0.379227 0.476013 0.385693 0.473423 0.392987 0.475288 0.395143 0.482230 0.393651 0.485649 0.394148 0.486789 0.394479 0.485960 0.401442 0.485028 0.406913 0.482023 0.414373 0.480780 0.418849 0.479329 0.424155 0.478707 0.429791 0.479122 0.436754 0.481816 0.443219 0.484924 0.448856 0.488343 0.453830 0.492074 0.460129 0.497461 0.467092 0.500363 0.469910 0.502435 0.472066 0.503886 0.470242 0.501502 0.468087 0.500673 0.465434 0.501606 0.463611 0.503160 0.462948 0.506269 0.462782 0.510724 0.462119 0.515076 0.462616 0.519531 0.462948 0.523365 0.461456 0.528338 0.458637 0.531758 0.456648 0.535488 0.454327 0.518806 0.451177 0.512485 0.446867 0.507926 0.441727 0.503471 0.434765 0.502020 0.430123 0.499223 0.422994 0.497772 0.416694 0.493628 0.408903 0.491348 0.398624 0.490105 0.391164 0.488654 0.384201
0 0.459435 0.452338 0.449488 0.454327 0.445136 0.458803 0.438091 0.467092 0.433324 0.479360 0.429283 0.494944 0.428040 0.507212 0.428973 0.525945 0.432495 0.540700 0.437158 0.554294 0.443893 0.562583 0.453322 0.570209 0.459746 0.573193 0.467931 0.574353 0.471972 0.571535 0.474356 0.569712 0.474874 0.566396 0.474977 0.561754 0.476117 0.554294 0.478293 0.548491 0.481194 0.544181 0.483266 0.542192 0.487204 0.537881 0.486893 0.534068 0.484613 0.529095 0.482127 0.526277 0.479225 0.523292 0.470936 0.517324 0.466274 0.514174 0.462233 0.512185 0.460160 0.509035 0.460471 0.507377 0.465548 0.508538 0.471040 0.510859 0.474977 0.512682 0.478396 0.514672 0.484095 0.517656 0.486478 0.518319 0.492902 0.520308 0.497358 0.525116 0.497254 0.518982 0.497876 0.513014 0.498083 0.505885 0.498498 0.500746 0.498912 0.491960 0.498601 0.489970 0.496840 0.489473 0.493835 0.489804 0.492074 0.488147 0.492281 0.484002 0.495078 0.480686 0.493835 0.475879 0.491141 0.468253 0.486271 0.463113 0.483163 0.460295 0.477775 0.456151 0.473216 0.453830 0.468968 0.452669 0.464201 0.451674
0 0.485649 0.522795 0.490623 0.523956 0.493835 0.527271 0.495700 0.532079 0.496425 0.536887 0.495596 0.539208 0.493524 0.539042 0.492488 0.536389 0.491452 0.533571 0.490519 0.530255 0.488965 0.526608
0 0.450313 0.574375 0.456484 0.574625 0.463359 0.576000 0.470469 0.577375 0.473828 0.578500 0.473828 0.582375 0.474297 0.586875 0.473828 0.597250 0.474219 0.600500 0.474766 0.606000 0.475469 0.612500 0.476328 0.617000 0.477188 0.627000 0.478281 0.631125 0.478984 0.636375 0.478906 0.642625 0.477734 0.644750 0.473750 0.646875 0.470469 0.648000 0.465938 0.647875 0.461328 0.646750 0.456172 0.645375 0.451328 0.641500 0.447187 0.638125 0.442422 0.634500 0.440859 0.632500 0.441094 0.624500 0.444453 0.620750 0.448750 0.618375 0.449453 0.613500 0.450313 0.608500 0.450469 0.603500 0.452891 0.600750 0.456562 0.600125 0.457031 0.592375 0.456094 0.586000 0.454688 0.580875 0.448594 0.578375
0 0.562734 0.538375 0.566406 0.538750 0.570469 0.541000 0.572031 0.543250 0.573203 0.546750 0.574141 0.551000 0.574453 0.555750 0.574297 0.562500 0.574531 0.568500 0.574609 0.570250 0.570547 0.567500 0.567969 0.564375 0.563672 0.561750 0.560156 0.560250 0.557422 0.560125 0.552656 0.559125 0.550234 0.559125 0.551953 0.556250 0.556016 0.551000 0.558828 0.546875 0.560234 0.543875 0.561484 0.541125
0 0.526875 0.566375 0.524687 0.569250 0.523672 0.573750 0.522891 0.580125 0.522891 0.584875 0.522891 0.591250 0.523047 0.594000 0.524219 0.589250 0.524922 0.586000 0.525625 0.582125 0.526797 0.578375 0.528750 0.575875 0.530469 0.573500 0.531641 0.571375 0.532969 0.569750 0.533125 0.569250 0.531094 0.568125 0.529766 0.567250
0 0.454531 0.406375 0.446797 0.408750 0.442188 0.413625 0.439453 0.423375 0.439141 0.430625 0.441563 0.439500 0.443594 0.445125 0.450078 0.448250 0.455391 0.448000 0.457734 0.445625 0.458281 0.443625 0.456484 0.442875 0.453437 0.442750 0.450625 0.442250 0.447578 0.441125 0.444297 0.438500 0.440547 0.429000 0.442969 0.418875 0.447266 0.415375 0.451953 0.412000 0.455000 0.409125
