0 0.560937 0.428125 0.560547 0.427500 0.560547 0.423750 0.561328 0.422500 0.561328 0.413750 0.562109 0.412500 0.561328 0.411250 0.561328 0.406250 0.560547 0.405000 0.560547 0.398750 0.559766 0.397500 0.559766 0.395000 0.558984 0.393750 0.558984 0.392500 0.557813 0.390625 0.556641 0.390000 0.555078 0.383750 0.552734 0.380000 0.552734 0.378750 0.550000 0.374375 0.548828 0.373750 0.548828 0.372500 0.544141 0.365000 0.544141 0.363750 0.542188 0.360625 0.541406 0.360625 0.538281 0.355625 0.537500 0.355625 0.533828 0.349875 0.531797 0.346625 0.531562 0.342125 0.532734 0.334375 0.542500 0.340375 0.543984 0.337500 0.536172 0.330250 0.541328 0.326125 0.540781 0.323125 0.533516 0.326250 0.535547 0.320000 0.537109 0.317500 0.537109 0.316250 0.544531 0.306875 0.545312 0.306875 0.547656 0.304375 0.550000 0.304375 0.550781 0.303125 0.555469 0.303125 0.556250 0.304375 0.558594 0.304375 0.559375 0.305625 0.560937 0.305625 0.561719 0.306875 0.562500 0.306875 0.564063 0.309375 0.564844 0.309375 0.568359 0.315000 0.569141 0.318750 0.570703 0.321250 0.570703 0.322500 0.571484 0.323750 0.571484 0.326250 0.573047 0.330000 0.573047 0.336250 0.573828 0.337500 0.573828 0.343750 0.574609 0.345000 0.574609 0.382500 0.573828 0.383750 0.573828 0.391250 0.573047 0.392500 0.573047 0.400000 0.572266 0.401250 0.572266 0.403750 0.571484 0.405000 0.570703 0.411250 0.569922 0.412500 0.569141 0.416250 0.566016 0.422500 0.566016 0.423750 0.564844 0.425625 0.562500 0.425625
0 0.561719 0.680625 0.552344 0.680625 0.551562 0.679375 0.550000 0.679375 0.545312 0.675625 0.543750 0.673125 0.542188 0.673125 0.540625 0.671875 0.535937 0.665625 0.535156 0.665625 0.528906 0.655625 0.528125 0.655625 0.525781 0.651875 0.525000 0.651875 0.524609 0.650000 0.523672 0.647375 0.522734 0.644750 0.521250 0.638500 0.519922 0.633750 0.518672 0.629125 0.517813 0.624000 0.516641 0.615500 0.516406 0.607500 0.516016 0.601250 0.516016 0.593750 0.516797 0.592500 0.516797 0.588750 0.518359 0.583750 0.519922 0.581250 0.520703 0.577500 0.523828 0.572500 0.525391 0.565000 0.526563 0.564375 0.528125 0.561875 0.529687 0.561875 0.530078 0.558750 0.534375 0.551875 0.542188 0.545625 0.544531 0.545625 0.545312 0.544375 0.547656 0.544375 0.548438 0.543125 0.550781 0.543125 0.551562 0.541875 0.556250 0.541875 0.557031 0.540625 0.560937 0.540625 0.563281 0.543125 0.564844 0.543125 0.565625 0.544375 0.569531 0.545625 0.570312 0.546875 0.572656 0.546875 0.573438 0.548125 0.575000 0.548125 0.576562 0.549375 0.579688 0.554375 0.580469 0.554375 0.589453 0.568750 0.589453 0.570000 0.592578 0.576250 0.593359 0.578750 0.593359 0.581250 0.594141 0.582500 0.594141 0.585000 0.595703 0.588750 0.595703 0.591250 0.597266 0.596250 0.597266 0.606250 0.598047 0.607500 0.598047 0.623750 0.597266 0.625000 0.597266 0.628750 0.596484 0.630000 0.596484 0.636250 0.590234 0.656250 0.583594 0.666875 0.581250 0.668125 0.577344 0.673125 0.575781 0.673125 0.575000 0.674375 0.572656 0.674375 0.568750 0.678125 0.566406 0.678125 0.565625 0.679375 0.562500 0.679375
0 0.468750 0.574375 0.456250 0.574375 0.455469 0.573125 0.451562 0.571875 0.448437 0.568125 0.447656 0.568125 0.446094 0.565625 0.445312 0.565625 0.439063 0.555625 0.438281 0.555625 0.437109 0.553750 0.437109 0.552500 0.436328 0.551250 0.435547 0.547500 0.433984 0.545000 0.433984 0.542500 0.431641 0.536250 0.431641 0.533750 0.430859 0.532500 0.430859 0.530000 0.430078 0.528750 0.430078 0.522500 0.429297 0.521250 0.429297 0.510000 0.428516 0.508750 0.428516 0.497500 0.429297 0.496250 0.429297 0.490000 0.430078 0.488750 0.430078 0.485000 0.430859 0.483750 0.430859 0.480000 0.431641 0.478750 0.431641 0.477500 0.433203 0.475000 0.433203 0.473750 0.434766 0.471250 0.434766 0.470000 0.442969 0.456875 0.443750 0.456875 0.449219 0.451875 0.450781 0.451875 0.451562 0.450625 0.453906 0.450625 0.454688 0.449375 0.457031 0.449375 0.457813 0.448125 0.459375 0.448125 0.460156 0.446875 0.470313 0.446875 0.471094 0.448125 0.475000 0.448125 0.476562 0.450625 0.478906 0.450625 0.481250 0.453125 0.482812 0.453125 0.483594 0.454375 0.484375 0.454375 0.489844 0.463125 0.490625 0.463125 0.491016 0.465000 0.494141 0.470000 0.494141 0.471250 0.495703 0.473750 0.495703 0.475000 0.498047 0.478750 0.498047 0.481250 0.499609 0.485000 0.499609 0.498750 0.498828 0.500000 0.498828 0.505000 0.498047 0.506250 0.498047 0.528750 0.498828 0.530000 0.498047 0.531250 0.498047 0.537500 0.497266 0.538750 0.497266 0.541250 0.496484 0.542500 0.494922 0.548750 0.491016 0.555000 0.491016 0.556250 0.489844 0.558125 0.485938 0.564375 0.485156 0.564375 0.483594 0.566875 0.482812 0.566875 0.482031 0.568125 0.480469 0.568125 0.478906 0.570625 0.478125 0.570625 0.477344 0.571875 0.475781 0.571875 0.475000 0.573125 0.469531 0.573125
0 0.525781 0.563125 0.521094 0.563125 0.520312 0.561875 0.519531 0.561875 0.518750 0.560625 0.517969 0.560625 0.515625 0.558125 0.514062 0.558125 0.512500 0.555625 0.510156 0.554375 0.506641 0.548750 0.506641 0.547500 0.503516 0.542500 0.503516 0.541250 0.500391 0.537500 0.500391 0.535000 0.499609 0.533750 0.499609 0.530000 0.498828 0.528750 0.498828 0.506250 0.499609 0.505000 0.499609 0.500000 0.500391 0.498750 0.500391 0.493750 0.501172 0.492500 0.501172 0.490000 0.502734 0.487500 0.502734 0.486250 0.505859 0.481250 0.506250 0.479375 0.508594 0.478125 0.510156 0.475625 0.510938 0.475625 0.511719 0.474375 0.513281 0.474375 0.514062 0.473125 0.514844 0.473125 0.516406 0.470625 0.517188 0.470625 0.517969 0.469375 0.520312 0.469375 0.521094 0.468125 0.524219 0.468125 0.525000 0.466875 0.534375 0.466875 0.535156 0.468125 0.538281 0.468125 0.539062 0.469375 0.542188 0.469375 0.544531 0.471875 0.546094 0.471875 0.547656 0.474375 0.548438 0.474375 0.550781 0.478125 0.552344 0.478125 0.556250 0.484375 0.557031 0.484375 0.558203 0.486250 0.558203 0.487500 0.559766 0.490000 0.559766 0.491250 0.560547 0.492500 0.561328 0.496250 0.562109 0.497500 0.562109 0.501250 0.562891 0.502500 0.562891 0.505000 0.563672 0.506250 0.563672 0.513750 0.564453 0.515000 0.564453 0.523750 0.563672 0.525000 0.563672 0.528750 0.562891 0.530000 0.562891 0.532500 0.562109 0.533750 0.562109 0.536250 0.559375 0.540625 0.556250 0.540625 0.555469 0.541875 0.550000 0.541875 0.549219 0.543125 0.546094 0.543125 0.545312 0.544375 0.542969 0.544375 0.542188 0.545625 0.539844 0.546875 0.538281 0.549375 0.535937 0.550625 0.532031 0.555625 0.531250 0.555625 0.528906 0.559375 0.528125 0.559375 0.527344 0.561875 0.526563 0.561875
0 0.480078 0.375625 0.475625 0.383500 0.473203 0.390250 0.473125 0.391875 0.482109 0.392500 0.483359 0.393750 0.482891 0.398250 0.482344 0.402875 0.480547 0.406625 0.479063 0.409125 0.476172 0.409125 0.478828 0.412000 0.477891 0.414250 0.475078 0.416750 0.474141 0.417375 0.478672 0.419750 0.476719 0.422875 0.476562 0.426250 0.478672 0.434375 0.480469 0.440125 0.485078 0.449000 0.490234 0.457750 0.496328 0.466375 0.503281 0.475125 0.506406 0.476750 0.511641 0.472500 0.516875 0.467875 0.522031 0.465750 0.527578 0.465000 0.534531 0.465875 0.539453 0.466750 0.542891 0.468750 0.543125 0.453125 0.543984 0.448125 0.524687 0.441750 0.510152 0.427142 0.501177 0.416078 0.492202 0.404308 0.485876 0.391125 0.481903 0.380061 0.481903 0.380061
0 0.449922 0.404500 0.444844 0.406875 0.440469 0.413875 0.439375 0.422625 0.440078 0.432125 0.444297 0.439750 0.450625 0.443375 0.456250 0.441750 0.454453 0.436625 0.450469 0.435125 0.443750 0.432750 0.441719 0.423750 0.445000 0.418500 0.447813 0.413375 0.450859 0.410625 0.454141 0.407750 0.454766 0.404500 0.452422 0.403625
0 0.428918 0.298873 0.423142 0.307717 0.418075 0.320039 0.415947 0.332685 0.416353 0.344358 0.417265 0.354896 0.420811 0.367380 0.428512 0.385863 0.438949 0.396887 0.446447 0.398995 0.454250 0.400292 0.463369 0.397860 0.471476 0.390240 0.475022 0.383106 0.480089 0.374189 0.481507 0.363327 0.482318 0.351005 0.482217 0.346628 0.476238 0.338521 0.467727 0.330253 0.464687 0.323930 0.452324 0.322633 0.444725 0.322471 0.435402 0.321336 0.428917 0.326848 0.428411 0.314851 0.428816 0.305447 0.429323 0.301232
0 0.542969 0.446875 0.534375 0.446875 0.530469 0.443125 0.528125 0.443125 0.527344 0.441875 0.525781 0.441875 0.520312 0.434375 0.517969 0.433125 0.514062 0.428125 0.510156 0.425625 0.504687 0.416875 0.500781 0.414375 0.499609 0.412500 0.499609 0.411250 0.492578 0.400000 0.492578 0.398750 0.487891 0.390000 0.487109 0.386250 0.484766 0.382500 0.484766 0.381250 0.483984 0.380000 0.483984 0.377500 0.483203 0.376250 0.483203 0.371250 0.482422 0.370000 0.482422 0.368750 0.483203 0.367500 0.483203 0.363750 0.483984 0.362500 0.483984 0.355000 0.484766 0.353750 0.484766 0.352500 0.484453 0.350000 0.490937 0.350000 0.492344 0.345750 0.490547 0.343000 0.490625 0.340125 0.491797 0.338750 0.494297 0.334750 0.496875 0.334375 0.502266 0.333625 0.508594 0.335625 0.509375 0.336875 0.514062 0.336875 0.514844 0.338125 0.516406 0.338125 0.518750 0.340625 0.520312 0.340625 0.521094 0.341875 0.523438 0.343125 0.527344 0.348125 0.529687 0.349375 0.535937 0.358125 0.536719 0.358125 0.542969 0.368125 0.545312 0.369375 0.551172 0.380000 0.551172 0.381250 0.552344 0.383125 0.553125 0.383125 0.554297 0.385000 0.554297 0.386250 0.556641 0.390000 0.557422 0.393750 0.558984 0.397500 0.558984 0.401250 0.559766 0.402500 0.559766 0.405000 0.561328 0.408750 0.561328 0.416250 0.560547 0.417500 0.560547 0.421250 0.559766 0.422500 0.559766 0.427500 0.558984 0.428750 0.558984 0.431250 0.555469 0.436875 0.554688 0.436875 0.553125 0.439375 0.551562 0.439375 0.550781 0.440625 0.550000 0.440625 0.547656 0.444375 0.546875 0.444375 0.546094 0.445625 0.543750 0.445625
0 0.486736 0.312912 0.490943 0.305769 0.499013 0.301236 0.505623 0.299588 0.513264 0.299725 0.517728 0.301511 0.519703 0.305220 0.520561 0.310440 0.522450 0.316071 0.521849 0.319231 0.520218 0.321154 0.520991 0.327610 0.522622 0.327747 0.526914 0.328159 0.529318 0.331044 0.530778 0.332418 0.531550 0.335577 0.531379 0.339973 0.530520 0.345467 0.529748 0.347527 0.527430 0.346016 0.525627 0.343819 0.522879 0.341071 0.520390 0.339698 0.516011 0.336401 0.514552 0.335989 0.513092 0.335577 0.510173 0.334890 0.507855 0.334203 0.505452 0.333791 0.503219 0.333379 0.499957 0.332967 0.497982 0.321978 0.491286 0.314698 0.487337 0.314698
0 0.521592 0.305769 0.523051 0.311264 0.525369 0.318132 0.527515 0.323901 0.529404 0.324176 0.531636 0.323626 0.530434 0.320742 0.528889 0.317995 0.526743 0.313187 0.524940 0.309478 0.523652 0.306868 0.522708 0.305357
0 0.487766 0.324313 0.492831 0.322390 0.494634 0.325137 0.495149 0.328846 0.494978 0.331319 0.492660 0.332830 0.491114 0.333654 0.489054 0.332418 0.488367 0.329670 0.487337 0.327335 0.487165 0.326648
0 0.450607 0.580112 0.458284 0.575777 0.469010 0.575415 0.477590 0.578848 0.483686 0.584628 0.490121 0.596369 0.491928 0.604678 0.491025 0.621297 0.488315 0.631232 0.482106 0.638819 0.477251 0.644057 0.472961 0.646947 0.463703 0.646767 0.455349 0.643876 0.447785 0.638277 0.444624 0.632135 0.443834 0.629064 0.447785 0.617142 0.446995 0.610820 0.454559 0.614252 0.455575 0.606665 0.453656 0.594924 0.451059 0.585892 0.446769 0.583544 0.448688 0.581557
0 0.515547 0.597807 0.513095 0.606188 0.511423 0.615995 0.511981 0.629369 0.516439 0.638463 0.518890 0.643634 0.523237 0.650410 0.523237 0.646487 0.520005 0.635788 0.517107 0.625267 0.516550 0.613855 0.515881 0.604404
