0 0.580469 0.513125 0.570312 0.513125 0.569531 0.511875 0.567969 0.511875 0.566406 0.510625 0.562109 0.503750 0.562109 0.502500 0.560547 0.500000 0.559375 0.499375 0.556641 0.495000 0.556641 0.493750 0.555078 0.491250 0.555078 0.488750 0.552734 0.481250 0.551953 0.472500 0.551172 0.471250 0.551172 0.465000 0.549609 0.460000 0.548828 0.451250 0.548047 0.450000 0.548047 0.445000 0.547266 0.443750 0.547266 0.438750 0.546484 0.437500 0.546484 0.431250 0.545703 0.430000 0.545703 0.423750 0.544922 0.422500 0.544922 0.418750 0.544141 0.417500 0.544922 0.415000 0.544922 0.412500 0.546484 0.408750 0.545703 0.407500 0.545703 0.403750 0.546484 0.402500 0.546484 0.397500 0.548047 0.392500 0.548047 0.388750 0.548828 0.387500 0.548828 0.385000 0.553516 0.380000 0.554297 0.377500 0.557813 0.374375 0.560937 0.371875 0.563281 0.369375 0.565625 0.369375 0.566406 0.368125 0.568750 0.368125 0.571875 0.370625 0.576562 0.370625 0.580469 0.374375 0.582812 0.374375 0.584375 0.375625 0.587109 0.385000 0.589453 0.388750 0.589453 0.390000 0.591016 0.392500 0.593359 0.400000 0.593359 0.402500 0.594141 0.403750 0.594141 0.407500 0.594922 0.408750 0.594922 0.412500 0.596484 0.416250 0.596484 0.423750 0.597266 0.425000 0.597266 0.436250 0.598047 0.437500 0.598047 0.446250 0.598828 0.447500 0.598828 0.468750 0.598047 0.470000 0.598047 0.476250 0.597266 0.477500 0.596484 0.486250 0.593359 0.495000 0.593359 0.497500 0.588281 0.505625 0.587500 0.505625 0.582812 0.511875 0.581250 0.511875
0 0.514062 0.651875 0.508594 0.651875 0.507812 0.650625 0.502344 0.650625 0.501563 0.649375 0.494531 0.648125 0.493750 0.646875 0.491406 0.645625 0.489063 0.641875 0.488281 0.641875 0.480469 0.630625 0.479687 0.630625 0.478516 0.628750 0.478516 0.627500 0.474609 0.621250 0.474609 0.620000 0.471484 0.615000 0.471484 0.613750 0.469922 0.611250 0.469922 0.610000 0.467578 0.606250 0.467578 0.595000 0.465625 0.594375 0.462891 0.588750 0.462891 0.587500 0.464062 0.586875 0.464453 0.585000 0.466016 0.582500 0.466016 0.578750 0.465234 0.577500 0.465234 0.576250 0.466016 0.575000 0.466016 0.572500 0.466797 0.571250 0.466797 0.567500 0.469922 0.561250 0.469922 0.558750 0.470703 0.557500 0.470703 0.555000 0.471484 0.553750 0.471484 0.552500 0.472266 0.551250 0.473828 0.545000 0.476172 0.542500 0.478516 0.533750 0.482031 0.531875 0.484766 0.527500 0.484766 0.526250 0.485938 0.524375 0.486719 0.524375 0.490625 0.519375 0.491406 0.519375 0.493750 0.516875 0.496094 0.516875 0.496875 0.515625 0.500000 0.515625 0.500781 0.514375 0.502344 0.514375 0.503125 0.513125 0.510156 0.513125 0.510938 0.514375 0.515625 0.514375 0.516406 0.515625 0.519531 0.515625 0.520312 0.516875 0.522656 0.516875 0.523438 0.518125 0.525781 0.519375 0.527344 0.521875 0.528125 0.521875 0.529687 0.524375 0.530469 0.524375 0.531641 0.526250 0.531641 0.527500 0.537891 0.537500 0.537891 0.538750 0.539453 0.541250 0.540234 0.545000 0.541797 0.547500 0.541797 0.550000 0.543359 0.553750 0.543359 0.556250 0.544922 0.560000 0.544922 0.565000 0.545703 0.566250 0.545703 0.570000 0.546484 0.571250 0.546484 0.581250 0.547266 0.582500 0.547266 0.587500 0.546484 0.588750 0.546484 0.600000 0.545703 0.601250 0.544922 0.612500 0.544141 0.613750 0.544141 0.616250 0.543359 0.617500 0.543359 0.618750 0.539453 0.626250 0.539453 0.627500 0.537891 0.630000 0.537891 0.631250 0.536719 0.633125 0.535937 0.633125 0.532813 0.638125 0.532031 0.638125 0.528906 0.644375 0.528125 0.644375 0.527344 0.645625 0.525781 0.645625 0.523438 0.648125 0.521094 0.648125 0.520312 0.649375 0.517969 0.649375 0.517188 0.650625 0.514844 0.650625
0 0.514651 0.384684 0.513088 0.384684 0.511333 0.381481 0.511140 0.375000 0.506028 0.373920 0.505546 0.369290 0.498698 0.369444 0.497444 0.367747 0.498698 0.362191 0.500434 0.358179 0.499373 0.353858 0.492332 0.357716 0.485195 0.360802 0.477672 0.359722 0.472174 0.362191 0.466995 0.360934 0.466213 0.359684 0.459963 0.359684 0.459182 0.358434 0.457620 0.358434 0.456838 0.357184 0.452932 0.354684 0.452541 0.352809 0.447073 0.342809 0.447073 0.341559 0.446291 0.340309 0.446291 0.337809 0.445510 0.336559 0.445510 0.332809 0.444729 0.331559 0.444729 0.319059 0.443948 0.317809 0.443948 0.310309 0.445901 0.307184 0.447463 0.307184 0.451370 0.300934 0.453713 0.299684 0.455276 0.297184 0.456838 0.297184 0.457620 0.295934 0.460745 0.295934 0.461526 0.294684 0.473245 0.294684 0.474026 0.295934 0.477151 0.295934 0.477932 0.297184 0.480276 0.297184 0.481057 0.298434 0.483401 0.298434 0.485745 0.300934 0.487307 0.300934 0.492776 0.305934 0.496682 0.308434 0.498245 0.310934 0.499807 0.310934 0.501760 0.315309 0.501760 0.321559 0.500979 0.322809 0.500979 0.326559 0.502151 0.327184 0.503203 0.333375 0.503906 0.336250 0.505234 0.338625 0.507188 0.343250 0.509375 0.346625 0.510313 0.349125 0.511719 0.350375 0.513516 0.353750 0.514844 0.355000 0.515625 0.356500 0.516094 0.357625 0.516604 0.357809 0.518750 0.358250 0.521682 0.358434 0.523635 0.361559 0.523635 0.362809 0.522854 0.364059 0.522237 0.369684 0.521487 0.371914 0.520844 0.373800 0.516772 0.381001 0.515432 0.383434
0 0.525781 0.511875 0.514062 0.511875 0.513281 0.510625 0.510938 0.510625 0.510156 0.509375 0.509375 0.509375 0.508594 0.508125 0.507812 0.508125 0.507031 0.506875 0.506250 0.506875 0.504687 0.504375 0.503906 0.504375 0.503125 0.503125 0.502344 0.503125 0.501953 0.502500 0.501953 0.498750 0.501172 0.497500 0.501172 0.496250 0.500391 0.495000 0.500391 0.493750 0.499609 0.492500 0.499609 0.491250 0.498828 0.490000 0.498828 0.487500 0.498047 0.486250 0.498047 0.485000 0.497266 0.483750 0.497266 0.478750 0.496484 0.477500 0.496484 0.473750 0.497266 0.472500 0.497266 0.466250 0.498047 0.465000 0.498047 0.463750 0.501172 0.460000 0.501172 0.458750 0.503516 0.455000 0.503516 0.453750 0.505078 0.451250 0.505078 0.450000 0.506641 0.446250 0.506641 0.443750 0.507422 0.442500 0.507422 0.441250 0.508203 0.440000 0.508203 0.438750 0.509766 0.436250 0.509766 0.431250 0.511328 0.428750 0.511328 0.427500 0.512109 0.426250 0.512109 0.425000 0.514453 0.421250 0.514453 0.420000 0.516406 0.416875 0.517188 0.416875 0.517969 0.415625 0.522656 0.415625 0.523438 0.414375 0.535156 0.414375 0.535937 0.415625 0.538281 0.415625 0.540234 0.418750 0.540234 0.420000 0.541016 0.421250 0.541016 0.422500 0.541797 0.423750 0.541797 0.427500 0.542578 0.428750 0.542578 0.431250 0.543359 0.432500 0.543359 0.435000 0.544922 0.437500 0.544922 0.438750 0.545703 0.440000 0.545703 0.441250 0.547266 0.445000 0.547266 0.447500 0.548047 0.448750 0.548047 0.453750 0.548828 0.455000 0.548828 0.457500 0.549609 0.458750 0.549609 0.463750 0.550391 0.465000 0.550391 0.471250 0.551172 0.472500 0.551172 0.476250 0.551953 0.477500 0.551953 0.490000 0.549219 0.494375 0.548438 0.494375 0.547656 0.495625 0.546094 0.495625 0.545312 0.496875 0.544531 0.496875 0.541406 0.501875 0.540625 0.501875 0.539844 0.503125 0.539062 0.503125 0.537500 0.505625 0.536719 0.505625 0.535937 0.506875 0.534375 0.506875 0.533594 0.508125 0.532031 0.508125 0.531250 0.509375 0.529687 0.509375 0.528906 0.510625 0.526563 0.510625
0 0.570312 0.599375 0.568750 0.599375 0.567969 0.598125 0.565625 0.598125 0.564844 0.596875 0.564063 0.598125 0.560937 0.598125 0.560156 0.596875 0.556250 0.596875 0.555469 0.595625 0.553906 0.595625 0.551562 0.591875 0.549219 0.590625 0.548047 0.588750 0.548047 0.583750 0.547266 0.582500 0.547266 0.572500 0.546484 0.571250 0.546484 0.565000 0.545703 0.563750 0.545703 0.560000 0.544922 0.558750 0.544922 0.555000 0.544141 0.553750 0.544141 0.551250 0.542578 0.548750 0.542578 0.547500 0.541016 0.546250 0.541016 0.543750 0.540234 0.542500 0.540234 0.541250 0.537109 0.536250 0.537109 0.533750 0.535547 0.531250 0.534766 0.527500 0.533203 0.525000 0.533203 0.523750 0.532422 0.522500 0.532422 0.515000 0.535937 0.509375 0.536719 0.509375 0.538281 0.506875 0.539062 0.506875 0.539844 0.505625 0.540625 0.505625 0.541406 0.504375 0.542188 0.504375 0.542969 0.503125 0.543750 0.503125 0.546094 0.500625 0.547656 0.500625 0.548438 0.499375 0.550000 0.499375 0.550781 0.498125 0.555469 0.498125 0.556250 0.499375 0.557031 0.499375 0.557422 0.501250 0.558594 0.503125 0.559375 0.503125 0.560156 0.504375 0.562500 0.505625 0.565625 0.510625 0.566406 0.510625 0.567187 0.511875 0.569531 0.511875 0.570312 0.513125 0.578906 0.513125 0.579688 0.514375 0.581250 0.514375 0.582031 0.515625 0.582812 0.515625 0.583203 0.517500 0.585547 0.521250 0.586328 0.525000 0.587891 0.527500 0.587891 0.528750 0.589453 0.532500 0.589453 0.561250 0.586328 0.568750 0.586328 0.571250 0.585547 0.572500 0.585547 0.577500 0.584766 0.578750 0.584766 0.581250 0.582812 0.584375 0.581641 0.585000 0.580859 0.586250 0.580859 0.587500 0.579688 0.589375 0.578906 0.589375 0.578125 0.590625 0.575781 0.590625 0.575000 0.591875 0.573828 0.592500 0.575000 0.594375 0.575781 0.594375 0.576562 0.595625 0.578125 0.595625 0.578516 0.596250 0.578125 0.596875 0.577344 0.596875 0.576562 0.598125 0.571094 0.598125
0 0.471094 0.544375 0.470313 0.543125 0.469531 0.543125 0.468750 0.541875 0.467187 0.541875 0.466406 0.540625 0.465625 0.540625 0.464844 0.539375 0.463281 0.539375 0.462500 0.538125 0.461719 0.538125 0.460156 0.535625 0.459375 0.535625 0.458594 0.534375 0.457813 0.534375 0.456250 0.531875 0.455469 0.531875 0.452344 0.526875 0.451562 0.526875 0.451172 0.526250 0.451172 0.525000 0.450391 0.523750 0.450391 0.522500 0.449609 0.521250 0.449609 0.520000 0.448047 0.517500 0.448047 0.516250 0.447266 0.515000 0.447266 0.512500 0.446484 0.511250 0.446484 0.507500 0.445703 0.506250 0.445703 0.492500 0.446484 0.491250 0.446484 0.488750 0.447266 0.487500 0.447266 0.486250 0.448047 0.485000 0.448047 0.483750 0.451562 0.478125 0.452344 0.478125 0.453125 0.476875 0.454688 0.476875 0.455469 0.475625 0.456250 0.475625 0.457031 0.476875 0.460156 0.476875 0.460938 0.478125 0.462500 0.478125 0.463281 0.479375 0.464062 0.479375 0.464844 0.478125 0.471094 0.478125 0.471875 0.479375 0.485938 0.479375 0.486719 0.480625 0.487500 0.480625 0.495703 0.493750 0.495703 0.495000 0.496484 0.496250 0.496484 0.497500 0.497266 0.498750 0.497266 0.502500 0.497656 0.503125 0.498437 0.503125 0.498828 0.503750 0.498828 0.505000 0.499609 0.506250 0.499609 0.508750 0.496094 0.514375 0.495312 0.514375 0.494531 0.515625 0.493750 0.515625 0.492188 0.518125 0.491406 0.518125 0.489063 0.521875 0.488281 0.521875 0.486719 0.524375 0.485156 0.524375 0.483594 0.526875 0.482812 0.526875 0.482031 0.528125 0.481250 0.528125 0.480859 0.528750 0.480859 0.530000 0.477734 0.535000 0.477734 0.536250 0.476953 0.537500 0.476953 0.538750 0.475391 0.541250 0.475391 0.542500 0.475000 0.543125 0.471875 0.543125
0 0.440457 0.389626 0.451547 0.391544 0.462136 0.395700 0.466432 0.403373 0.470229 0.414562 0.474325 0.422235 0.478421 0.432785 0.482617 0.440457 0.488911 0.446212 0.490909 0.442695 0.490309 0.436301 0.487212 0.427669 0.483616 0.421755 0.483816 0.415042 0.489011 0.411685 0.497602 0.409287 0.504496 0.410406 0.507892 0.411205 0.509491 0.412164 0.509591 0.420316 0.509291 0.427350 0.508792 0.432465 0.507393 0.438699 0.506494 0.444773 0.503297 0.451487 0.500899 0.456122 0.497602 0.461077 0.495005 0.464274 0.491908 0.468270 0.489110 0.471308 0.485914 0.473705 0.479020 0.475943 0.475124 0.476263 0.470129 0.476423 0.465034 0.474984 0.459339 0.473226 0.455742 0.472426 0.451946 0.470508 0.447351 0.465233 0.443554 0.458360 0.441556 0.452446 0.439458 0.443654 0.437860 0.437740 0.436661 0.429588 0.436161 0.423673 0.436161 0.418079 0.435961 0.411045 0.436361 0.403373 0.437460 0.397299 0.438559 0.393462
0 0.500861 0.306907 0.503699 0.298314 0.508360 0.288748 0.514946 0.283398 0.520418 0.280642 0.529538 0.278372 0.534300 0.277399 0.540988 0.281291 0.546358 0.286803 0.551526 0.292315 0.554059 0.299287 0.555579 0.310149 0.556289 0.320525 0.554870 0.329604 0.553249 0.336089 0.549398 0.342250 0.545041 0.349384 0.541596 0.353761 0.537036 0.355707 0.530551 0.355869 0.524268 0.355545 0.520722 0.355545 0.518695 0.354410 0.513527 0.350843 0.510184 0.346628 0.507245 0.340791 0.504205 0.332361 0.501469 0.317931 0.499848 0.309339
0 0.556608 0.299153 0.561772 0.296398 0.568260 0.297034 0.573557 0.302542 0.578853 0.311017 0.582296 0.322458 0.584944 0.345551 0.584547 0.364619 0.585077 0.373941 0.582296 0.371186 0.577132 0.369068 0.572497 0.368220 0.566671 0.367161 0.560845 0.371186 0.556608 0.373729 0.551841 0.380720 0.549854 0.384110 0.547736 0.389619 0.545882 0.396822 0.545352 0.404237 0.544690 0.408475 0.543366 0.412288 0.540983 0.407203 0.539394 0.401059 0.538731 0.387924 0.537805 0.369492 0.538334 0.360169 0.539394 0.355720 0.544823 0.350212 0.548663 0.344703 0.553165 0.337288 0.555283 0.329237 0.556872 0.319492 0.555945 0.309322 0.555151 0.301059
0 0.563367 0.622275 0.567908 0.618808 0.573894 0.617982 0.579260 0.614845 0.582356 0.612863 0.581840 0.618147 0.580395 0.624917 0.578435 0.629706 0.574100 0.632843 0.571004 0.633504 0.565947 0.631688 0.562541 0.629541 0.560890 0.626569
