0 0.464062 0.496875 0.450781 0.496875 0.450000 0.495625 0.448437 0.495625 0.446875 0.494375 0.445312 0.491875 0.439063 0.486875 0.430078 0.473750 0.430078 0.472500 0.426953 0.466250 0.426953 0.463750 0.424609 0.460000 0.424609 0.457500 0.423828 0.456250 0.423828 0.451250 0.421484 0.445000 0.421484 0.440000 0.419922 0.435000 0.419922 0.422500 0.419141 0.421250 0.419141 0.418750 0.419922 0.416250 0.419141 0.415000 0.419141 0.411250 0.419922 0.410000 0.419922 0.402500 0.420703 0.401250 0.420703 0.393750 0.422266 0.388750 0.422266 0.385000 0.423828 0.380000 0.432812 0.365625 0.439063 0.360625 0.440625 0.360625 0.441406 0.359375 0.445312 0.359375 0.446094 0.358125 0.451562 0.358125 0.452344 0.356875 0.460156 0.356875 0.460938 0.358125 0.467969 0.358125 0.471094 0.360625 0.472656 0.360625 0.475781 0.364375 0.476562 0.364375 0.478125 0.366875 0.482031 0.369375 0.486328 0.376250 0.486328 0.377500 0.489453 0.382500 0.489453 0.383750 0.491016 0.385000 0.491016 0.386250 0.494141 0.392500 0.494922 0.396250 0.496484 0.398750 0.498047 0.403750 0.498047 0.410000 0.498828 0.411250 0.499609 0.422500 0.500391 0.423750 0.500391 0.440000 0.499609 0.441250 0.499609 0.446250 0.498828 0.447500 0.498047 0.456250 0.497266 0.457500 0.497266 0.460000 0.495703 0.465000 0.491797 0.471250 0.491797 0.472500 0.485547 0.481250 0.485547 0.482500 0.484375 0.484375 0.480469 0.486875 0.477344 0.490625 0.475781 0.490625 0.475000 0.491875 0.473438 0.491875 0.470313 0.494375 0.468750 0.494375 0.467969 0.495625 0.464844 0.495625
0 0.556250 0.438125 0.543750 0.438125 0.542969 0.436875 0.541406 0.436875 0.538672 0.432500 0.538672 0.431250 0.535547 0.426250 0.535547 0.425000 0.533984 0.422500 0.533203 0.418750 0.531641 0.416250 0.531641 0.413750 0.530859 0.412500 0.530859 0.407500 0.530078 0.406250 0.530078 0.402500 0.529297 0.401250 0.529297 0.391250 0.528516 0.390000 0.528516 0.382500 0.527734 0.381250 0.527734 0.378750 0.528516 0.377500 0.527734 0.376250 0.527734 0.356250 0.528516 0.355000 0.528516 0.352500 0.529297 0.351250 0.529297 0.345000 0.530078 0.343750 0.530078 0.337500 0.530859 0.336250 0.530859 0.330000 0.531641 0.328750 0.531641 0.325000 0.532422 0.323750 0.532422 0.322500 0.533594 0.321875 0.534766 0.320000 0.534766 0.318750 0.539062 0.311875 0.539844 0.311875 0.542188 0.308125 0.542969 0.308125 0.546875 0.304375 0.548438 0.304375 0.549219 0.303125 0.553906 0.303125 0.554688 0.304375 0.557813 0.304375 0.558594 0.305625 0.560156 0.305625 0.560937 0.306875 0.561719 0.306875 0.567578 0.316250 0.567578 0.317500 0.569141 0.320000 0.569922 0.323750 0.571484 0.326250 0.571484 0.330000 0.572266 0.331250 0.572266 0.335000 0.573047 0.336250 0.573047 0.342500 0.573828 0.343750 0.573828 0.357500 0.574609 0.358750 0.574609 0.383750 0.573828 0.385000 0.573828 0.396250 0.573047 0.397500 0.573047 0.405000 0.571484 0.408750 0.571484 0.411250 0.569922 0.415000 0.569922 0.417500 0.569141 0.418750 0.569141 0.420000 0.566016 0.426250 0.566016 0.427500 0.560937 0.434375 0.560156 0.434375
0 0.507031 0.663125 0.498437 0.663125 0.497656 0.661875 0.495312 0.661875 0.494531 0.660625 0.493750 0.660625 0.492188 0.658125 0.489844 0.656875 0.488672 0.655000 0.488672 0.653750 0.483984 0.646250 0.483203 0.642500 0.480859 0.638750 0.480859 0.636250 0.479297 0.633750 0.479297 0.632500 0.478516 0.631250 0.478516 0.627500 0.477734 0.626250 0.477734 0.621250 0.476953 0.620000 0.476953 0.616250 0.476172 0.615000 0.476172 0.608750 0.475391 0.607500 0.475391 0.602500 0.474609 0.601250 0.474609 0.593750 0.473828 0.592500 0.473828 0.572500 0.474609 0.571250 0.474609 0.568750 0.475391 0.567500 0.475391 0.565000 0.478516 0.560000 0.478516 0.558750 0.480469 0.555625 0.482812 0.554375 0.485156 0.550625 0.486719 0.550625 0.487500 0.549375 0.491406 0.549375 0.492188 0.548125 0.495312 0.548125 0.496094 0.549375 0.496875 0.549375 0.497656 0.550625 0.499219 0.550625 0.503125 0.554375 0.505469 0.554375 0.506250 0.555625 0.507812 0.555625 0.508594 0.556875 0.510156 0.556875 0.510938 0.558125 0.511719 0.558125 0.512500 0.559375 0.514844 0.560625 0.515234 0.561250 0.515234 0.565000 0.516797 0.568750 0.516797 0.571250 0.519922 0.578750 0.519922 0.580000 0.520703 0.581250 0.520703 0.583750 0.521484 0.585000 0.521484 0.587500 0.522266 0.588750 0.522266 0.593750 0.523047 0.595000 0.523047 0.601250 0.523828 0.602500 0.523828 0.606250 0.524609 0.607500 0.524609 0.628750 0.523828 0.630000 0.523828 0.635000 0.523047 0.636250 0.523047 0.641250 0.522266 0.642500 0.522266 0.645000 0.517969 0.653125 0.517188 0.653125 0.514844 0.656875 0.514062 0.656875 0.512500 0.659375 0.510938 0.659375
0 0.468060 0.576875 0.459467 0.576875 0.458685 0.575625 0.453998 0.575625 0.453217 0.574375 0.450873 0.574375 0.450092 0.573125 0.447748 0.573125 0.446967 0.571875 0.446185 0.571875 0.438764 0.560000 0.438764 0.558750 0.437201 0.556250 0.437201 0.555000 0.435639 0.552500 0.435639 0.551250 0.434857 0.550000 0.434857 0.548750 0.433295 0.546250 0.433295 0.543750 0.431732 0.540000 0.431732 0.536250 0.430951 0.535000 0.430951 0.525000 0.430170 0.523750 0.430170 0.508750 0.429389 0.507500 0.429389 0.502500 0.430170 0.501250 0.430170 0.497500 0.430951 0.496250 0.430951 0.491250 0.431732 0.490000 0.431732 0.488750 0.432904 0.486875 0.434467 0.486875 0.435248 0.485625 0.436810 0.485625 0.439154 0.488125 0.440717 0.488125 0.441498 0.489375 0.442279 0.489375 0.443060 0.490625 0.443842 0.490625 0.445404 0.493125 0.446185 0.493125 0.446967 0.494375 0.449310 0.494375 0.450092 0.495625 0.451654 0.495625 0.453998 0.498125 0.455560 0.498125 0.455951 0.498750 0.455951 0.505000 0.456732 0.506250 0.456732 0.507500 0.455951 0.508750 0.455951 0.510000 0.455848 0.512617 0.458324 0.515112 0.461625 0.516872 0.459241 0.519806 0.458691 0.523034 0.459425 0.526849 0.461350 0.526995 0.461420 0.528750 0.459516 0.531250 0.459149 0.539613 0.460708 0.543721 0.462175 0.547682 0.463551 0.548269 0.465476 0.548122 0.468044 0.547095 0.468842 0.545625 0.471185 0.541875 0.473821 0.538732 0.475746 0.535065 0.478222 0.530516 0.479231 0.532130 0.480515 0.535798 0.481156 0.538146 0.481615 0.542107 0.480951 0.545000 0.480170 0.546250 0.480170 0.547500 0.479389 0.548750 0.479389 0.550000 0.476264 0.555000 0.476264 0.557500 0.473139 0.565000 0.473139 0.568750 0.472357 0.570000 0.472357 0.572500 0.470404 0.575625 0.468842 0.575625
0 0.501472 0.298919 0.491945 0.303076 0.483630 0.314717 0.481898 0.321924 0.484150 0.325804 0.485362 0.332456 0.484669 0.335782 0.486748 0.339939 0.489173 0.346314 0.489866 0.356569 0.489520 0.362389 0.486748 0.363221 0.485189 0.366824 0.485189 0.370150 0.494024 0.375693 0.497661 0.376247 0.503378 0.375693 0.511000 0.373476 0.515677 0.371813 0.522606 0.365715 0.525724 0.356569 0.529015 0.347977 0.529708 0.333287 0.521913 0.328298 0.520354 0.318598 0.520181 0.310837 0.518622 0.300859 0.511520 0.299196
0 0.521953 0.305750 0.525156 0.309375 0.527813 0.314750 0.530078 0.318750 0.531094 0.322750 0.529297 0.325000 0.527578 0.324000 0.524766 0.319000 0.523594 0.315000 0.522813 0.310375 0.522109 0.307250
0 0.435071 0.309364 0.430003 0.317013 0.426656 0.326805 0.424457 0.338280 0.423787 0.350214 0.424744 0.359547 0.426847 0.365973 0.429716 0.366432 0.431629 0.365973 0.434497 0.363525 0.436888 0.360618 0.444920 0.358629 0.448745 0.357252 0.452284 0.355875 0.455057 0.355263 0.459933 0.356181 0.466053 0.358170 0.469974 0.360312 0.474946 0.363678 0.477815 0.365055 0.482214 0.366738 0.484987 0.369339 0.485561 0.364290 0.483457 0.360006 0.478963 0.353580 0.471121 0.349296 0.465097 0.349755 0.460507 0.344859 0.458021 0.337821 0.456300 0.333537 0.451901 0.335679 0.449797 0.341646 0.445399 0.339810 0.438035 0.343482 0.434497 0.339198 0.433732 0.333843 0.435071 0.326346 0.435358 0.321144 0.433446 0.317931 0.434306 0.313494
0 0.510156 0.475625 0.505469 0.475625 0.503906 0.473125 0.503125 0.473125 0.501563 0.470625 0.500781 0.470625 0.499219 0.468125 0.498437 0.468125 0.498047 0.467500 0.498047 0.465000 0.497266 0.463750 0.498047 0.462500 0.498047 0.456250 0.499609 0.452500 0.499609 0.447500 0.500391 0.446250 0.500391 0.441250 0.501172 0.440000 0.501172 0.426250 0.500391 0.425000 0.500391 0.418750 0.499609 0.417500 0.499609 0.411250 0.498828 0.410000 0.498828 0.405000 0.498047 0.403750 0.498047 0.400000 0.496484 0.397500 0.496484 0.396250 0.495703 0.395000 0.495703 0.393750 0.492578 0.388750 0.492578 0.386250 0.491797 0.385000 0.491797 0.382500 0.490234 0.378750 0.490234 0.377500 0.490625 0.376875 0.497656 0.376875 0.498437 0.378125 0.500000 0.378125 0.500781 0.379375 0.501563 0.379375 0.503125 0.381875 0.504687 0.381875 0.505469 0.383125 0.506250 0.383125 0.509375 0.388125 0.510156 0.388125 0.511719 0.390625 0.512500 0.390625 0.513281 0.391875 0.514062 0.391875 0.514844 0.393125 0.515625 0.393125 0.519531 0.399375 0.520312 0.399375 0.521094 0.400625 0.521875 0.400625 0.522266 0.401250 0.522266 0.402500 0.524219 0.405625 0.525000 0.405625 0.529297 0.412500 0.529297 0.413750 0.531641 0.417500 0.531641 0.418750 0.532422 0.420000 0.532422 0.421250 0.533203 0.422500 0.533203 0.423750 0.534766 0.426250 0.534766 0.427500 0.537891 0.432500 0.537891 0.433750 0.541016 0.440000 0.541016 0.446250 0.541797 0.447500 0.541797 0.458750 0.541016 0.460000 0.541016 0.462500 0.540234 0.463750 0.540234 0.465000 0.539844 0.465625 0.538281 0.465625 0.537500 0.466875 0.535937 0.466875 0.535156 0.465625 0.529687 0.465625 0.528906 0.466875 0.523438 0.466875 0.522656 0.468125 0.521094 0.468125 0.520312 0.469375 0.518750 0.469375 0.517969 0.470625 0.515625 0.470625 0.514844 0.471875 0.514062 0.471875 0.513281 0.473125 0.512500 0.473125 0.511719 0.474375 0.510938 0.474375
0 0.539062 0.566875 0.527344 0.566875 0.526563 0.565625 0.525000 0.565625 0.524219 0.564375 0.523438 0.564375 0.521094 0.561875 0.519531 0.561875 0.518750 0.560625 0.517969 0.560625 0.517188 0.559375 0.516406 0.559375 0.514062 0.556875 0.512510 0.555011 0.516595 0.556100 0.518212 0.553513 0.517787 0.551607 0.517106 0.545071 0.515148 0.541258 0.512851 0.536356 0.511149 0.533088 0.506638 0.532680 0.506213 0.532271 0.503915 0.529820 0.502734 0.528750 0.501172 0.526250 0.501172 0.523750 0.500391 0.522500 0.500391 0.517500 0.499609 0.516250 0.499609 0.498750 0.500391 0.497500 0.500391 0.493750 0.501172 0.492500 0.501172 0.491250 0.502734 0.488750 0.502734 0.487500 0.505859 0.482500 0.505859 0.481250 0.507031 0.479375 0.507812 0.479375 0.509375 0.476875 0.511719 0.475625 0.514062 0.473125 0.514844 0.473125 0.516406 0.470625 0.517969 0.470625 0.518750 0.469375 0.521094 0.469375 0.521875 0.468125 0.525000 0.468125 0.525781 0.466875 0.535937 0.466875 0.536719 0.468125 0.539062 0.468125 0.539844 0.469375 0.542188 0.469375 0.542969 0.470625 0.543750 0.470625 0.544531 0.471875 0.545312 0.471875 0.546094 0.473125 0.548438 0.474375 0.550000 0.476875 0.552344 0.478125 0.557031 0.485625 0.557813 0.485625 0.558203 0.487500 0.559766 0.490000 0.559766 0.491250 0.561328 0.493750 0.561328 0.495000 0.562891 0.498750 0.562891 0.505000 0.563672 0.506250 0.563672 0.518750 0.564453 0.520000 0.564453 0.522500 0.563672 0.523750 0.563672 0.528750 0.562891 0.530000 0.562891 0.533750 0.562109 0.535000 0.562109 0.536250 0.560547 0.538750 0.559766 0.542500 0.558203 0.545000 0.558203 0.546250 0.555859 0.550000 0.555859 0.551250 0.551562 0.558125 0.550781 0.558125 0.549219 0.560625 0.548438 0.560625 0.547656 0.561875 0.546875 0.561875 0.544531 0.564375 0.542969 0.564375 0.542188 0.565625 0.539844 0.565625
0 0.561704 0.537659 0.559813 0.543392 0.556927 0.548487 0.553941 0.554220 0.549861 0.561067 0.544387 0.563933 0.538515 0.566799 0.533141 0.567596 0.527767 0.567277 0.526373 0.567436 0.522691 0.572691 0.520203 0.576990 0.520203 0.580971 0.522193 0.589092 0.523089 0.594825 0.524383 0.605812 0.524184 0.610589 0.524482 0.618551 0.524482 0.624920 0.524184 0.630653 0.522890 0.637818 0.522492 0.643551 0.525179 0.647850 0.529260 0.649283 0.541302 0.644506 0.553045 0.630016 0.561604 0.616959 0.565187 0.607404 0.570064 0.596099 0.572651 0.580812 0.573049 0.561385 0.572950 0.553901 0.571756 0.545462 0.568372 0.541162 0.563197 0.537022
0 0.455955 0.584650 0.456132 0.591140 0.457895 0.596642 0.457190 0.601298 0.452252 0.600593 0.449783 0.602709 0.450048 0.606800 0.449871 0.612585 0.448460 0.617523 0.446521 0.620485 0.442641 0.622319 0.439819 0.618510 0.438585 0.614419 0.437967 0.620203 0.439995 0.626552 0.442553 0.633042 0.445286 0.637415 0.448989 0.640519 0.452693 0.643905 0.459130 0.647714 0.462921 0.648561 0.469358 0.648279 0.471916 0.646304 0.476413 0.643905 0.479411 0.642353 0.480557 0.640237 0.480116 0.636569 0.479146 0.633747 0.477823 0.630079 0.477030 0.625000 0.476853 0.621191 0.476589 0.617664 0.475972 0.614278 0.475354 0.610609 0.474825 0.606095 0.474561 0.603696 0.474032 0.600451 0.473767 0.596501 0.473503 0.593256 0.472974 0.588177 0.472004 0.584368 0.471651 0.581264 0.469887 0.579712 0.466801 0.578866 0.463098 0.578584 0.460100 0.579007 0.457455 0.579571 0.455162 0.581828
