0 0.460156 0.501875 0.446875 0.501875 0.446094 0.500625 0.443750 0.500625 0.442188 0.499375 0.439844 0.495625 0.439063 0.495625 0.433594 0.486875 0.432812 0.486875 0.430078 0.482500 0.430078 0.481250 0.427734 0.477500 0.427734 0.476250 0.425391 0.471250 0.424609 0.465000 0.422266 0.458750 0.422266 0.451250 0.420703 0.446250 0.420703 0.440000 0.419922 0.438750 0.419922 0.430000 0.419141 0.428750 0.419922 0.426250 0.419922 0.422500 0.419141 0.420000 0.419922 0.418750 0.419922 0.407500 0.420703 0.406250 0.420703 0.401250 0.421484 0.400000 0.421484 0.396250 0.423047 0.392500 0.423047 0.390000 0.424609 0.385000 0.426172 0.382500 0.426172 0.381250 0.436719 0.365625 0.437500 0.365625 0.439063 0.363125 0.440625 0.363125 0.441406 0.361875 0.444531 0.361875 0.445312 0.360625 0.452344 0.360625 0.453125 0.359375 0.457813 0.359375 0.458594 0.360625 0.464062 0.360625 0.464844 0.361875 0.468750 0.363125 0.471875 0.365625 0.473438 0.368125 0.474219 0.368125 0.475781 0.370625 0.478906 0.373125 0.482812 0.379375 0.483594 0.379375 0.484766 0.381250 0.484766 0.382500 0.487109 0.386250 0.487109 0.387500 0.490234 0.392500 0.494922 0.407500 0.494922 0.411250 0.496484 0.416250 0.496484 0.422500 0.497266 0.423750 0.497266 0.447500 0.496484 0.448750 0.496484 0.455000 0.494922 0.458750 0.494922 0.465000 0.494141 0.467500 0.489453 0.475000 0.489453 0.476250 0.487109 0.480000 0.487109 0.481250 0.482031 0.489375 0.481250 0.489375 0.479687 0.491875 0.478125 0.491875 0.467969 0.500625 0.460938 0.500625
0 0.561719 0.361875 0.559375 0.361875 0.558594 0.360625 0.553906 0.360625 0.553125 0.359375 0.549219 0.359375 0.548438 0.358125 0.547656 0.358125 0.546094 0.355625 0.544531 0.355625 0.542188 0.351875 0.541406 0.351875 0.538281 0.346875 0.537500 0.346875 0.536328 0.345000 0.536328 0.343750 0.534766 0.341250 0.534766 0.340000 0.532422 0.336250 0.532422 0.335000 0.531641 0.333750 0.531641 0.331250 0.530859 0.330000 0.530859 0.310000 0.531641 0.308750 0.531641 0.307500 0.532422 0.306250 0.532422 0.305000 0.533984 0.302500 0.533984 0.301250 0.534766 0.300000 0.534766 0.296250 0.535547 0.295000 0.535547 0.293750 0.540625 0.285625 0.541406 0.285625 0.543750 0.283125 0.544531 0.283125 0.545312 0.281875 0.546875 0.281875 0.549219 0.279375 0.550781 0.279375 0.551562 0.278125 0.553125 0.278125 0.553906 0.276875 0.558594 0.276875 0.559375 0.275625 0.560937 0.275625 0.561719 0.276875 0.564063 0.276875 0.564844 0.278125 0.567187 0.278125 0.567969 0.279375 0.569531 0.279375 0.570312 0.280625 0.571094 0.280625 0.571875 0.281875 0.572656 0.281875 0.578906 0.291875 0.579688 0.291875 0.580859 0.293750 0.580859 0.295000 0.583203 0.298750 0.583203 0.300000 0.584766 0.303750 0.584766 0.306250 0.586328 0.310000 0.586328 0.328750 0.585547 0.330000 0.585547 0.332500 0.584766 0.333750 0.584766 0.336250 0.583984 0.337500 0.583984 0.338750 0.583203 0.340000 0.583203 0.341250 0.580859 0.345000 0.580859 0.346250 0.577734 0.351250 0.577734 0.352500 0.574219 0.358125 0.573438 0.358125 0.572656 0.359375 0.570312 0.359375 0.569531 0.360625 0.562500 0.360625
0 0.537500 0.568125 0.531250 0.568125 0.530469 0.566875 0.525781 0.566875 0.523438 0.564375 0.521875 0.564375 0.521094 0.563125 0.520312 0.563125 0.519531 0.561875 0.518750 0.561875 0.517969 0.560625 0.517188 0.560625 0.516406 0.559375 0.514062 0.558125 0.512500 0.555625 0.510156 0.554375 0.504297 0.545000 0.504297 0.543750 0.501172 0.538750 0.501172 0.536250 0.500391 0.535000 0.500391 0.531250 0.499609 0.530000 0.499609 0.520000 0.498828 0.518750 0.498828 0.508750 0.499609 0.507500 0.499609 0.501250 0.500391 0.500000 0.500391 0.496250 0.501172 0.495000 0.501172 0.493750 0.502734 0.491250 0.502734 0.490000 0.504297 0.487500 0.504297 0.486250 0.505859 0.483750 0.505859 0.482500 0.508594 0.478125 0.509375 0.478125 0.510156 0.476875 0.512500 0.475625 0.513281 0.474375 0.514062 0.474375 0.514844 0.473125 0.517188 0.471875 0.517969 0.470625 0.519531 0.470625 0.520312 0.469375 0.522656 0.469375 0.523438 0.468125 0.527344 0.468125 0.528125 0.466875 0.534375 0.466875 0.535156 0.468125 0.539062 0.468125 0.539844 0.469375 0.542188 0.469375 0.544531 0.471875 0.546094 0.471875 0.546875 0.473125 0.549219 0.474375 0.550781 0.476875 0.553125 0.478125 0.559766 0.488750 0.559766 0.490000 0.560547 0.491250 0.561328 0.495000 0.562109 0.496250 0.562109 0.497500 0.562891 0.498750 0.562891 0.502500 0.564453 0.506250 0.564453 0.512500 0.565234 0.513750 0.565234 0.516250 0.564453 0.517500 0.564453 0.520000 0.565234 0.521250 0.565234 0.522500 0.564453 0.523750 0.564453 0.532500 0.563672 0.533750 0.563672 0.537500 0.560547 0.542500 0.560547 0.543750 0.558984 0.546250 0.558984 0.547500 0.550781 0.560625 0.550000 0.560625 0.548438 0.563125 0.547656 0.563125 0.546875 0.564375 0.545312 0.564375 0.544531 0.565625 0.542188 0.565625 0.541406 0.566875 0.538281 0.566875
0 0.541406 0.436875 0.540625 0.435625 0.532031 0.435625 0.531250 0.434375 0.528125 0.434375 0.527344 0.433125 0.525000 0.433125 0.524219 0.431875 0.522656 0.431875 0.520312 0.429375 0.516406 0.428125 0.514062 0.425625 0.511719 0.425625 0.510938 0.424375 0.508594 0.423125 0.506250 0.419375 0.498437 0.414375 0.497266 0.412500 0.497266 0.410000 0.496484 0.408750 0.496484 0.407500 0.494141 0.403750 0.494141 0.401250 0.493359 0.400000 0.491797 0.393750 0.490234 0.391250 0.490234 0.388750 0.489453 0.387500 0.489453 0.386250 0.487500 0.383125 0.486719 0.383125 0.484375 0.378125 0.483594 0.378125 0.477734 0.368750 0.477734 0.367500 0.476953 0.366250 0.476953 0.362500 0.476172 0.361250 0.476953 0.360000 0.476953 0.352500 0.477734 0.351250 0.478516 0.347500 0.479687 0.346875 0.482812 0.340625 0.484375 0.340625 0.486719 0.336875 0.492969 0.336875 0.493750 0.335625 0.495312 0.335625 0.496094 0.336875 0.500781 0.336875 0.501563 0.338125 0.503906 0.338125 0.504687 0.339375 0.507031 0.339375 0.509375 0.341875 0.511719 0.341875 0.512500 0.343125 0.517188 0.343125 0.517969 0.344375 0.521094 0.344375 0.524219 0.348125 0.526563 0.349375 0.528906 0.351875 0.530469 0.351875 0.534375 0.355625 0.535937 0.355625 0.536719 0.356875 0.537500 0.356875 0.542188 0.365625 0.542969 0.365625 0.544531 0.368125 0.546875 0.369375 0.554297 0.381250 0.554297 0.382500 0.555859 0.385000 0.555859 0.387500 0.556641 0.388750 0.556641 0.393750 0.557422 0.395000 0.557422 0.397500 0.555859 0.400000 0.555859 0.405000 0.556641 0.406250 0.556641 0.412500 0.555078 0.415000 0.554297 0.418750 0.552734 0.421250 0.552734 0.422500 0.545312 0.434375 0.543750 0.434375
0 0.507812 0.478125 0.506250 0.478125 0.505469 0.476875 0.504687 0.476875 0.503906 0.475625 0.503125 0.475625 0.502344 0.474375 0.501563 0.474375 0.499219 0.470625 0.498437 0.470625 0.496484 0.467500 0.496484 0.466250 0.495703 0.465000 0.495703 0.458750 0.496484 0.457500 0.496484 0.451250 0.497266 0.450000 0.497266 0.443750 0.498047 0.442500 0.498047 0.426250 0.497266 0.425000 0.498047 0.423750 0.498047 0.416250 0.498437 0.415625 0.500000 0.418125 0.502344 0.418125 0.503125 0.419375 0.503906 0.419375 0.504687 0.420625 0.505469 0.420625 0.506250 0.421875 0.507812 0.421875 0.508594 0.423125 0.509375 0.423125 0.510156 0.424375 0.510938 0.424375 0.511719 0.425625 0.513281 0.425625 0.514062 0.426875 0.514844 0.426875 0.515625 0.428125 0.517969 0.428125 0.518750 0.429375 0.519531 0.429375 0.520312 0.430625 0.521875 0.430625 0.522656 0.431875 0.523438 0.431875 0.524219 0.433125 0.525000 0.433125 0.525781 0.434375 0.528906 0.434375 0.529687 0.435625 0.535156 0.435625 0.535937 0.436875 0.536719 0.436875 0.537500 0.438125 0.538281 0.438125 0.540234 0.441250 0.540234 0.443750 0.541016 0.445000 0.541016 0.447500 0.541797 0.448750 0.541797 0.453750 0.541016 0.455000 0.541016 0.463750 0.539844 0.465625 0.536719 0.465625 0.535937 0.466875 0.525781 0.466875 0.525000 0.468125 0.522656 0.468125 0.521875 0.469375 0.521094 0.469375 0.520312 0.470625 0.518750 0.470625 0.517969 0.471875 0.516406 0.471875 0.515625 0.473125 0.514062 0.473125 0.513281 0.474375 0.512500 0.474375 0.511719 0.475625 0.510938 0.475625 0.510156 0.476875 0.508594 0.476875
0 0.428043 0.629723 0.434474 0.629723 0.437004 0.634109 0.438586 0.632928 0.439324 0.624831 0.440273 0.613023 0.440589 0.602564 0.441433 0.599190 0.443120 0.603745 0.443752 0.612011 0.443436 0.622470 0.443541 0.630567 0.444068 0.638158 0.443858 0.644062 0.444279 0.651991 0.446177 0.655870 0.447653 0.659076 0.450078 0.663968 0.451554 0.667004 0.454295 0.672908 0.456509 0.673920 0.460621 0.674426 0.466104 0.672402 0.471692 0.668354 0.477069 0.661269 0.483184 0.651147 0.486241 0.643219 0.488982 0.623313 0.487612 0.609649 0.485292 0.598009 0.480970 0.589069 0.476858 0.582490 0.471481 0.575574 0.461781 0.571862 0.454295 0.571525 0.448286 0.572706 0.443752 0.575574 0.439113 0.580972 0.434474 0.589069 0.432049 0.595142 0.429941 0.600877 0.429413 0.619096
0 0.527465 0.568041 0.520538 0.581701 0.515544 0.596392 0.512484 0.610825 0.511678 0.623711 0.515706 0.638918 0.520860 0.644072 0.530686 0.646134 0.538579 0.644072 0.552110 0.631186 0.559681 0.618299 0.563869 0.607732 0.568863 0.596649 0.571279 0.587887 0.572084 0.578351 0.573051 0.564433 0.571118 0.551031 0.570957 0.546134 0.567735 0.542010 0.564030 0.540722 0.561936 0.541237 0.558553 0.547165 0.556459 0.553608 0.553238 0.558505 0.548244 0.562887 0.542445 0.566753 0.537130 0.568299 0.532297 0.568299
0 0.432726 0.489028 0.430990 0.497361 0.429774 0.510556 0.429514 0.522083 0.432639 0.538750 0.435590 0.550833 0.440017 0.546667 0.440972 0.543056 0.437587 0.537917 0.435590 0.534722 0.436024 0.530278 0.438889 0.528194 0.443490 0.526806 0.446007 0.524306 0.445486 0.521111 0.446875 0.517222 0.447830 0.515278 0.445573 0.513333 0.445573 0.510694 0.447569 0.507222 0.446354 0.504306 0.445573 0.501944 0.442969 0.500833 0.440885 0.498750 0.437413 0.495278 0.434288 0.489722
0 0.481076 0.490694 0.485764 0.483194 0.488194 0.480417 0.490191 0.482639 0.493056 0.489028 0.494618 0.494167 0.496962 0.500139 0.498611 0.508611 0.498177 0.517639 0.498524 0.526111 0.498958 0.533889 0.499392 0.538611 0.497483 0.548889 0.494965 0.555694 0.489931 0.562917 0.485764 0.570000 0.477951 0.574028 0.474306 0.576528 0.471181 0.574444 0.466927 0.571389 0.462587 0.570139 0.455208 0.570833 0.450521 0.570833 0.451562 0.568750 0.458073 0.568333 0.460764 0.561944 0.464149 0.563750 0.470399 0.565000 0.474913 0.559028 0.475781 0.551250 0.473438 0.548333 0.474479 0.541250 0.468576 0.537222 0.469271 0.532500 0.467708 0.526667 0.467795 0.521528 0.470226 0.521111 0.470399 0.525556 0.470920 0.532222 0.473003 0.537639 0.475955 0.540417 0.483507 0.540833 0.492882 0.537361 0.495312 0.529444 0.493663 0.521806 0.492274 0.511667 0.490017 0.507083 0.483767 0.506806 0.480382 0.504028 0.482292 0.498333 0.482726 0.494167
0 0.574531 0.359875 0.574375 0.368125 0.573672 0.384500 0.573438 0.392250 0.570938 0.405875 0.565781 0.421375 0.562969 0.429500 0.556016 0.435750 0.551094 0.438125 0.545312 0.436875 0.544219 0.434875 0.548281 0.430500 0.553047 0.422250 0.556641 0.414125 0.558203 0.405750 0.558672 0.395250 0.557891 0.385875 0.556562 0.379875 0.551328 0.370875 0.549922 0.365750 0.550391 0.362250 0.553047 0.361375 0.557266 0.361500 0.561094 0.362750 0.566094 0.361625 0.570391 0.360500
