0 0.573438 0.665625 0.562500 0.665625 0.561719 0.664375 0.560156 0.664375 0.559375 0.663125 0.557813 0.663125 0.556250 0.661875 0.551172 0.653750 0.551172 0.652500 0.548828 0.648750 0.548047 0.645000 0.546484 0.642500 0.544922 0.637500 0.544922 0.635000 0.543359 0.631250 0.543359 0.628750 0.542578 0.627500 0.542578 0.623750 0.541016 0.618750 0.541016 0.610000 0.540234 0.608750 0.540234 0.600000 0.539453 0.598750 0.539453 0.585000 0.538672 0.583750 0.539453 0.582500 0.539453 0.566250 0.540234 0.565000 0.540234 0.558750 0.541016 0.557500 0.541016 0.550000 0.542578 0.547500 0.542578 0.545000 0.544922 0.537500 0.550781 0.526875 0.558594 0.520625 0.562500 0.520625 0.563281 0.519375 0.568750 0.519375 0.569531 0.520625 0.571094 0.520625 0.572656 0.523125 0.574219 0.523125 0.580859 0.533750 0.580859 0.535000 0.583203 0.538750 0.583203 0.541250 0.584766 0.546250 0.584766 0.550000 0.585547 0.551250 0.585547 0.555000 0.586328 0.556250 0.586328 0.561250 0.587109 0.562500 0.587109 0.566250 0.587891 0.567500 0.587891 0.573750 0.588672 0.575000 0.588672 0.580000 0.589453 0.581250 0.589453 0.588750 0.590234 0.590000 0.590234 0.608750 0.591016 0.610000 0.591016 0.621250 0.590234 0.622500 0.590234 0.630000 0.589453 0.631250 0.588672 0.640000 0.583984 0.655000 0.582812 0.655625 0.578906 0.661875 0.575781 0.664375 0.574219 0.664375
0 0.463281 0.643125 0.462500 0.641875 0.451562 0.641875 0.450781 0.640625 0.448437 0.639375 0.441016 0.627500 0.441016 0.626250 0.439453 0.622500 0.439453 0.620000 0.437891 0.616250 0.437891 0.613750 0.437109 0.612500 0.437109 0.607500 0.436328 0.606250 0.436328 0.601250 0.435547 0.600000 0.435547 0.556250 0.436328 0.555000 0.436328 0.547500 0.437109 0.546250 0.437109 0.538750 0.437891 0.537500 0.437891 0.533750 0.440234 0.527500 0.440234 0.525000 0.441016 0.523750 0.441016 0.522500 0.443359 0.518750 0.443359 0.517500 0.447656 0.511875 0.453125 0.508125 0.455469 0.505625 0.460938 0.505625 0.461719 0.506875 0.463281 0.506875 0.464062 0.508125 0.466406 0.508125 0.467187 0.509375 0.469531 0.510625 0.471875 0.514375 0.472656 0.514375 0.476172 0.520000 0.476953 0.523750 0.477734 0.525000 0.477734 0.527500 0.479297 0.531250 0.479297 0.533750 0.480859 0.537500 0.480859 0.543750 0.481641 0.545000 0.481641 0.568750 0.478516 0.573750 0.478516 0.576250 0.477734 0.577500 0.477734 0.580000 0.478516 0.581250 0.478516 0.586250 0.479297 0.587500 0.479297 0.597500 0.480078 0.598750 0.480078 0.602500 0.479297 0.603750 0.479297 0.610000 0.477734 0.613750 0.477734 0.617500 0.476172 0.621250 0.476172 0.623750 0.475391 0.625000 0.475391 0.626250 0.467969 0.638125 0.467187 0.638125 0.464844 0.641875 0.464062 0.641875
0 0.470880 0.306937 0.477942 0.296679 0.485005 0.294072 0.492394 0.292855 0.501195 0.294072 0.510540 0.300678 0.515429 0.309197 0.518798 0.317368 0.519124 0.330581 0.518798 0.340838 0.517059 0.347618 0.514995 0.354051 0.511518 0.357528 0.507171 0.361179 0.504346 0.363960 0.502390 0.366742 0.498913 0.367437 0.495654 0.367264 0.493589 0.367611 0.490873 0.365003 0.487722 0.361179 0.484353 0.357528 0.481637 0.354920 0.477291 0.352312 0.472401 0.350748 0.469467 0.350052 0.467620 0.345880 0.465555 0.340316 0.465229 0.330407 0.465664 0.323105 0.466751 0.316672
0 0.467309 0.350916 0.455489 0.352985 0.445331 0.360372 0.437204 0.372488 0.433141 0.385786 0.430556 0.400857 0.430556 0.422429 0.435542 0.438978 0.441637 0.453162 0.451056 0.462323 0.460845 0.465869 0.472665 0.467051 0.479868 0.464687 0.489103 0.455230 0.498707 0.443115 0.502032 0.433658 0.501847 0.428930 0.498153 0.414746 0.497230 0.403221 0.497045 0.393765 0.498707 0.382535 0.499077 0.380467 0.494090 0.371602 0.490950 0.366578 0.487256 0.361259 0.483193 0.357417 0.479868 0.355349 0.476359 0.353280 0.471742 0.351507
0 0.514221 0.355940 0.519577 0.354167 0.524934 0.355053 0.528997 0.358008 0.533429 0.361850 0.536384 0.367169 0.539709 0.371602 0.544142 0.378989 0.547281 0.386377 0.549313 0.397015 0.551160 0.414746 0.549682 0.427748 0.546727 0.438682 0.542849 0.445774 0.538601 0.450798 0.531398 0.454344 0.523641 0.453457 0.516992 0.450207 0.508496 0.441342 0.504802 0.433658 0.501662 0.424202 0.498892 0.412382 0.497784 0.399084 0.498522 0.386082 0.499446 0.377216 0.502770 0.368056 0.508126 0.360668
0 0.574616 0.383717 0.568890 0.387559 0.564827 0.394356 0.563350 0.404994 0.563719 0.414450 0.567782 0.423611 0.574801 0.428635 0.581449 0.429226 0.589576 0.423907 0.592346 0.417405 0.593270 0.403221 0.591977 0.394651 0.587544 0.388446 0.583850 0.384604
0 0.566859 0.387264 0.553746 0.388446 0.550975 0.394060 0.550975 0.405290 0.551714 0.416223 0.549867 0.428635 0.545988 0.441342 0.542110 0.449025 0.542110 0.452866 0.552083 0.454048 0.553561 0.457004 0.550052 0.459368 0.544696 0.458481 0.544326 0.462914 0.547835 0.464096 0.549682 0.467937 0.550052 0.472370 0.550606 0.478576 0.550606 0.488032 0.549498 0.492465 0.549128 0.498079 0.550052 0.504580 0.551529 0.509604 0.554669 0.512264 0.557993 0.514628 0.563165 0.506058 0.569629 0.504580 0.574985 0.504285 0.579603 0.480053 0.583666 0.469119 0.584589 0.472370 0.582927 0.480644 0.581080 0.490691 0.579233 0.502807 0.579048 0.511377 0.579233 0.516401 0.584405 0.509604 0.588652 0.495715 0.592162 0.478871 0.594378 0.466460 0.594193 0.443706 0.593639 0.425384 0.592346 0.420656 0.589207 0.427748 0.582742 0.430112 0.576647 0.430408 0.570368 0.428635 0.564642 0.421247 0.562611 0.414155 0.561872 0.404403 0.563534 0.396720
0 0.503120 0.435136 0.498872 0.445479 0.490930 0.456708 0.489453 0.466164 0.489268 0.476507 0.496656 0.493056 0.501642 0.503103 0.506075 0.494533 0.513093 0.484781 0.520481 0.468528 0.521589 0.460845 0.514571 0.460550 0.518634 0.457004 0.521220 0.455526 0.517526 0.452275 0.512724 0.448729 0.508476 0.441933
0 0.483562 0.561613 0.483193 0.543292 0.489473 0.525857 0.500000 0.515810 0.509973 0.511673 0.518100 0.511968 0.526596 0.520833 0.531398 0.528517 0.535646 0.536495 0.537862 0.548316 0.538601 0.559249 0.537123 0.571070 0.534538 0.584959 0.531952 0.589687 0.531028 0.579935 0.528627 0.577275 0.526042 0.580230 0.521978 0.579639 0.518839 0.581413 0.514960 0.586436 0.510343 0.588800 0.509604 0.586141 0.514591 0.579935 0.519393 0.571661 0.522348 0.566933 0.524749 0.560727 0.522902 0.548611 0.517176 0.549498 0.517361 0.540041 0.515329 0.535904 0.511820 0.529108 0.506464 0.521129 0.502032 0.521424 0.498338 0.524970 0.497230 0.532654 0.496121 0.540928 0.494644 0.545361 0.492612 0.555112 0.490027 0.564273 0.488734 0.568410 0.487626 0.568706 0.485409 0.565160
0 0.450222 0.463542 0.447374 0.471571 0.447103 0.479384 0.448052 0.487847 0.451714 0.491970 0.455783 0.494358 0.464328 0.493273 0.467990 0.488064 0.471246 0.479601 0.472059 0.473741 0.469347 0.468967 0.465685 0.468967 0.459717 0.467448 0.455648 0.466146
0 0.543576 0.258750 0.543403 0.264861 0.546181 0.272639 0.546701 0.280139 0.543750 0.282917 0.542188 0.289028 0.542361 0.295972 0.545486 0.305139 0.549653 0.310139 0.555382 0.311806 0.558333 0.304861 0.558681 0.297083 0.563021 0.296806 0.568924 0.301528 0.572569 0.294861 0.572222 0.289861 0.577604 0.290972 0.589931 0.295139 0.594965 0.296250 0.600694 0.293194 0.594097 0.280972 0.589236 0.272083 0.582465 0.264583 0.576910 0.256250 0.568750 0.254861 0.563194 0.260972 0.559028 0.257917 0.560764 0.249861 0.563368 0.247639 0.569444 0.247639 0.577431 0.250139 0.586806 0.257083 0.593403 0.265139 0.599306 0.274583 0.602951 0.284583 0.604861 0.294583 0.607465 0.307917 0.607465 0.322083 0.605903 0.335417 0.601042 0.352361 0.595833 0.361250 0.587500 0.372639 0.577604 0.380417 0.570660 0.384028 0.558854 0.383750 0.550000 0.380139 0.543403 0.373472 0.537674 0.366250 0.531771 0.355972 0.527951 0.341806 0.525174 0.325694 0.524653 0.305972 0.529687 0.285972 0.536458 0.267917
0 0.517671 0.508053 0.519422 0.501751 0.520407 0.506303 0.525659 0.508228 0.528066 0.500525 0.529379 0.501576 0.531786 0.503676 0.535506 0.500525 0.537585 0.497724 0.538132 0.490896 0.539555 0.490371 0.540649 0.492822 0.540977 0.495798 0.538351 0.499650 0.536053 0.502101 0.532005 0.505952 0.528285 0.508228 0.523470 0.510329
