0 0.557031 0.438125 0.544531 0.438125 0.543750 0.436875 0.541406 0.436875 0.539453 0.433750 0.538672 0.430000 0.534766 0.423750 0.534766 0.422500 0.533203 0.420000 0.533203 0.418750 0.531641 0.415000 0.531641 0.412500 0.530859 0.411250 0.530859 0.406250 0.530078 0.405000 0.530078 0.395000 0.529297 0.393750 0.529297 0.391250 0.528516 0.390000 0.528516 0.382500 0.527734 0.381250 0.528516 0.380000 0.528516 0.377500 0.527734 0.376250 0.527734 0.367500 0.526953 0.366250 0.526953 0.365000 0.527734 0.363750 0.527734 0.355000 0.528516 0.353750 0.528516 0.351250 0.529297 0.350000 0.529297 0.345000 0.530078 0.343750 0.530078 0.337500 0.530859 0.336250 0.530859 0.327500 0.531641 0.326250 0.531641 0.323750 0.535547 0.317500 0.535547 0.316250 0.537500 0.313125 0.539844 0.311875 0.542969 0.306875 0.543750 0.306875 0.544531 0.305625 0.546094 0.305625 0.546875 0.304375 0.548438 0.304375 0.549219 0.303125 0.553906 0.303125 0.554688 0.304375 0.560156 0.305625 0.561719 0.308125 0.562500 0.308125 0.566797 0.315000 0.566797 0.316250 0.568359 0.318750 0.569922 0.325000 0.571484 0.327500 0.571484 0.332500 0.572266 0.333750 0.572266 0.337500 0.573047 0.338750 0.573047 0.343750 0.573828 0.345000 0.573828 0.358750 0.574609 0.360000 0.574609 0.390000 0.573828 0.391250 0.573828 0.400000 0.573047 0.401250 0.573047 0.407500 0.569922 0.416250 0.569922 0.418750 0.569141 0.420000 0.569141 0.421250 0.566016 0.426250 0.566016 0.427500 0.562500 0.433125 0.561719 0.433125 0.560156 0.435625 0.559375 0.435625
0 0.510156 0.475625 0.505469 0.475625 0.504687 0.474375 0.502344 0.473125 0.498437 0.466875 0.497656 0.466875 0.494531 0.461875 0.493750 0.461875 0.486328 0.450000 0.486328 0.448750 0.481641 0.441250 0.481641 0.440000 0.480859 0.438750 0.480859 0.437500 0.479297 0.433750 0.479297 0.431250 0.478516 0.430000 0.478516 0.426250 0.479297 0.425000 0.479297 0.417500 0.480078 0.416250 0.480078 0.415000 0.481641 0.412500 0.481641 0.411250 0.482422 0.410000 0.482422 0.407500 0.483984 0.405000 0.483984 0.396250 0.482422 0.393750 0.480313 0.394250 0.477500 0.394250 0.475625 0.393375 0.478437 0.389500 0.480781 0.384875 0.482656 0.381125 0.484375 0.377625 0.487500 0.375625 0.495312 0.375625 0.496094 0.376875 0.500000 0.376875 0.502344 0.379375 0.503906 0.379375 0.505469 0.381875 0.506250 0.381875 0.510156 0.388125 0.510938 0.388125 0.512500 0.390625 0.514844 0.391875 0.518750 0.398125 0.519531 0.398125 0.521094 0.400625 0.521875 0.400625 0.525781 0.406875 0.526563 0.406875 0.528516 0.410000 0.528516 0.411250 0.531641 0.416250 0.532422 0.420000 0.533203 0.421250 0.533203 0.423750 0.535547 0.427500 0.535547 0.428750 0.538672 0.433750 0.538672 0.435000 0.540234 0.437500 0.540234 0.438750 0.541016 0.440000 0.541016 0.443750 0.541797 0.445000 0.541797 0.458750 0.541016 0.460000 0.541016 0.461250 0.540234 0.462500 0.539844 0.464375 0.538281 0.464375 0.537500 0.465625 0.525000 0.465625 0.524219 0.466875 0.521094 0.466875 0.520312 0.468125 0.519531 0.468125 0.518750 0.469375 0.517188 0.469375 0.514844 0.471875 0.513281 0.471875 0.512500 0.473125 0.511719 0.473125
0 0.471094 0.578125 0.457031 0.578125 0.456250 0.576875 0.453906 0.576875 0.448437 0.571875 0.446875 0.571875 0.442578 0.565000 0.442578 0.563750 0.441406 0.561875 0.440234 0.561250 0.439453 0.557500 0.435547 0.551250 0.435547 0.550000 0.433203 0.543750 0.432422 0.537500 0.431641 0.536250 0.431641 0.532500 0.430859 0.531250 0.430859 0.522500 0.430078 0.521250 0.430078 0.503750 0.429297 0.502500 0.430078 0.501250 0.430078 0.495000 0.430859 0.493750 0.430859 0.488750 0.431641 0.487500 0.431641 0.483750 0.433203 0.481250 0.433203 0.480000 0.434766 0.477500 0.434766 0.476250 0.437109 0.472500 0.437109 0.471250 0.439844 0.466875 0.440625 0.466875 0.442969 0.461875 0.445312 0.460625 0.447656 0.456875 0.448437 0.456875 0.450781 0.454375 0.453906 0.454375 0.454688 0.453125 0.461719 0.453125 0.462500 0.451875 0.470313 0.451875 0.471094 0.453125 0.475000 0.453125 0.475781 0.454375 0.478125 0.455625 0.479687 0.458125 0.485156 0.461875 0.489844 0.469375 0.490625 0.469375 0.492578 0.472500 0.492578 0.475000 0.495703 0.480000 0.495703 0.482500 0.497266 0.485000 0.497266 0.486250 0.498828 0.490000 0.498828 0.493750 0.499609 0.495000 0.498047 0.498750 0.498047 0.503750 0.497266 0.505000 0.497266 0.523750 0.496252 0.527746 0.490652 0.521965 0.477556 0.519220 0.462292 0.511272 0.461750 0.516329 0.469247 0.520231 0.477195 0.523699 0.483336 0.533382 0.484149 0.539306 0.485156 0.543125 0.482812 0.544375 0.481641 0.548750 0.479297 0.552500 0.479297 0.553750 0.475391 0.561250 0.475391 0.562500 0.474609 0.563750 0.474609 0.566250 0.473828 0.567500 0.473828 0.570000 0.473047 0.571250 0.473047 0.572500
0 0.525000 0.563125 0.520312 0.563125 0.519531 0.561875 0.517188 0.560625 0.512500 0.553125 0.511719 0.553125 0.503125 0.539375 0.502344 0.539375 0.501172 0.537500 0.501172 0.536250 0.499609 0.533750 0.499609 0.531250 0.498828 0.530000 0.498828 0.523750 0.498047 0.522500 0.498047 0.508750 0.498828 0.507500 0.498828 0.501250 0.499609 0.500000 0.499609 0.496250 0.501172 0.492500 0.501172 0.490000 0.501953 0.488750 0.501953 0.487500 0.505859 0.481250 0.506250 0.479375 0.508594 0.478125 0.510156 0.475625 0.510938 0.475625 0.511719 0.474375 0.512500 0.474375 0.513281 0.473125 0.514062 0.473125 0.514844 0.471875 0.517188 0.470625 0.517969 0.469375 0.519531 0.469375 0.520312 0.468125 0.522656 0.468125 0.523438 0.466875 0.537500 0.466875 0.538281 0.468125 0.541406 0.468125 0.543750 0.470625 0.545312 0.470625 0.546094 0.471875 0.546875 0.471875 0.550781 0.476875 0.553125 0.478125 0.559766 0.488750 0.560547 0.492500 0.562109 0.495000 0.562109 0.497500 0.562891 0.498750 0.562891 0.503750 0.563672 0.505000 0.563672 0.510000 0.564453 0.511250 0.564453 0.523750 0.563672 0.525000 0.563672 0.528750 0.562891 0.530000 0.562891 0.533750 0.561328 0.537500 0.561328 0.538750 0.560156 0.540625 0.559375 0.540625 0.558594 0.541875 0.552344 0.541875 0.551562 0.543125 0.547656 0.543125 0.546875 0.544375 0.544531 0.544375 0.543750 0.545625 0.542188 0.545625 0.541406 0.546875 0.539844 0.546875 0.538281 0.549375 0.537500 0.549375 0.536719 0.550625 0.534375 0.551875 0.530469 0.556875 0.529687 0.556875 0.526563 0.561875 0.525781 0.561875
0 0.562500 0.680625 0.552344 0.680625 0.551562 0.679375 0.550000 0.679375 0.542969 0.673125 0.541406 0.673125 0.536719 0.666875 0.535937 0.666875 0.533594 0.663125 0.532813 0.663125 0.532422 0.661250 0.529687 0.656875 0.528906 0.656875 0.525781 0.651875 0.525000 0.651875 0.523047 0.646250 0.523047 0.643750 0.521484 0.641250 0.521484 0.640000 0.520703 0.638750 0.520703 0.636250 0.519141 0.632500 0.519141 0.628750 0.518359 0.627500 0.518359 0.623750 0.517578 0.622500 0.517578 0.615000 0.516797 0.613750 0.516797 0.610000 0.517578 0.608750 0.517578 0.597500 0.518359 0.596250 0.518359 0.588750 0.519141 0.587500 0.519141 0.583750 0.520703 0.580000 0.520703 0.577500 0.523047 0.572500 0.523828 0.568750 0.528125 0.561875 0.528906 0.561875 0.530078 0.560000 0.530078 0.557500 0.531250 0.555625 0.532031 0.555625 0.535937 0.550625 0.536719 0.550625 0.540625 0.546875 0.546094 0.545625 0.546875 0.544375 0.548438 0.544375 0.549219 0.543125 0.553125 0.543125 0.553906 0.541875 0.561719 0.541875 0.564063 0.544375 0.565625 0.544375 0.566406 0.545625 0.567969 0.545625 0.568750 0.546875 0.571094 0.546875 0.571875 0.548125 0.573438 0.548125 0.575781 0.550625 0.578125 0.551875 0.583594 0.561875 0.584375 0.561875 0.585938 0.564375 0.586719 0.564375 0.587109 0.566250 0.592578 0.576250 0.593359 0.582500 0.594922 0.586250 0.594922 0.588750 0.595703 0.590000 0.595703 0.592500 0.596484 0.593750 0.596484 0.605000 0.597266 0.606250 0.597266 0.611250 0.598047 0.612500 0.598047 0.616250 0.597266 0.617500 0.597266 0.627500 0.596484 0.628750 0.596484 0.635000 0.595703 0.636250 0.595703 0.640000 0.594922 0.641250 0.593359 0.647500 0.591797 0.650000 0.591016 0.653750 0.585547 0.662500 0.585156 0.664375 0.584375 0.664375 0.579688 0.670625 0.578906 0.670625 0.575000 0.674375 0.571094 0.675625 0.568750 0.678125 0.567187 0.678125 0.566406 0.679375 0.563281 0.679375
0 0.503906 0.664375 0.502344 0.664375 0.501563 0.663125 0.497656 0.663125 0.496875 0.661875 0.495312 0.661875 0.494531 0.660625 0.493750 0.660625 0.492188 0.658125 0.489844 0.656875 0.481641 0.641250 0.481641 0.640000 0.480078 0.636250 0.480078 0.635000 0.478516 0.632500 0.478516 0.630000 0.477734 0.628750 0.477734 0.625000 0.476953 0.623750 0.476953 0.620000 0.476172 0.618750 0.476172 0.616250 0.475391 0.615000 0.475391 0.608750 0.474609 0.607500 0.474609 0.603750 0.473828 0.602500 0.473828 0.597500 0.473047 0.596250 0.473047 0.587500 0.472266 0.586250 0.472266 0.577500 0.473047 0.576250 0.473047 0.572500 0.473828 0.571250 0.473828 0.568750 0.474609 0.567500 0.474609 0.565000 0.476172 0.562500 0.477734 0.556250 0.479687 0.553125 0.480469 0.553125 0.482422 0.550000 0.482812 0.548125 0.487500 0.548125 0.488281 0.546875 0.490625 0.546875 0.491406 0.545625 0.492969 0.545625 0.493750 0.544375 0.497656 0.544375 0.498437 0.543125 0.500000 0.545625 0.500781 0.545625 0.501563 0.546875 0.503125 0.546875 0.503906 0.548125 0.506250 0.548125 0.507422 0.550000 0.507422 0.551250 0.510938 0.556875 0.511719 0.556875 0.513281 0.559375 0.514062 0.559375 0.515234 0.562500 0.515234 0.563750 0.516016 0.565000 0.516016 0.566250 0.517578 0.568750 0.517578 0.571250 0.518359 0.572500 0.518359 0.575000 0.519141 0.576250 0.519141 0.578750 0.518359 0.580000 0.518359 0.591250 0.517578 0.592500 0.517578 0.601250 0.516797 0.602500 0.516797 0.615000 0.517578 0.616250 0.516797 0.620000 0.517578 0.621250 0.517578 0.630000 0.518359 0.631250 0.517578 0.632500 0.517578 0.636250 0.518359 0.637500 0.518359 0.640000 0.519141 0.641250 0.519141 0.647500 0.518359 0.648750 0.518359 0.651250 0.517188 0.651875 0.512500 0.659375 0.511719 0.659375 0.507812 0.663125 0.504687 0.663125
0 0.506250 0.375453 0.503906 0.375453 0.503125 0.374203 0.495312 0.374203 0.494531 0.372953 0.491406 0.372953 0.490625 0.371703 0.489844 0.371703 0.487109 0.367328 0.487109 0.363578 0.488672 0.361078 0.492734 0.360750 0.493125 0.354500 0.492188 0.351875 0.491016 0.350125 0.490156 0.349750 0.489453 0.349828 0.488672 0.348578 0.488672 0.341078 0.487891 0.339828 0.487891 0.337328 0.487109 0.336078 0.487109 0.334828 0.486328 0.333578 0.486328 0.327328 0.485547 0.326078 0.485547 0.321078 0.484766 0.319828 0.484766 0.313578 0.490625 0.304203 0.491406 0.304203 0.492188 0.302953 0.492969 0.302953 0.493750 0.301703 0.495312 0.301703 0.496094 0.300453 0.497656 0.300453 0.498437 0.299203 0.503125 0.299203 0.503906 0.297953 0.507031 0.297953 0.507812 0.299203 0.510156 0.299203 0.510938 0.300453 0.513281 0.300453 0.514062 0.301703 0.514844 0.301703 0.515625 0.302953 0.516406 0.302953 0.517969 0.305453 0.518750 0.305453 0.520312 0.307953 0.521094 0.307953 0.526075 0.312342 0.528050 0.319453 0.524099 0.320717 0.521334 0.324194 0.525877 0.327987 0.529038 0.332095 0.529297 0.336078 0.529297 0.339828 0.528516 0.341078 0.528516 0.347328 0.527734 0.348578 0.527734 0.351078 0.526953 0.352328 0.526953 0.353578 0.526172 0.354828 0.526172 0.356078 0.524609 0.358578 0.524609 0.359828 0.522656 0.362953 0.521875 0.362953 0.520312 0.365453 0.519531 0.365453 0.517969 0.367953 0.517188 0.367953 0.516406 0.369203 0.515625 0.369203 0.514844 0.370453 0.513281 0.370453 0.512500 0.371703 0.511719 0.371703 0.510938 0.372953 0.509375 0.372953 0.508594 0.374203 0.507031 0.374203
0 0.482885 0.524422 0.487220 0.525434 0.491555 0.528613 0.494174 0.532659 0.495800 0.537428 0.495800 0.541908 0.491736 0.541618 0.490201 0.542341 0.489117 0.538150 0.487401 0.533526 0.486227 0.530491 0.485143 0.527312
0 0.453437 0.585375 0.455781 0.596625 0.456406 0.605000 0.455547 0.611125 0.451328 0.609875 0.449688 0.608125 0.447656 0.609625 0.448750 0.616000 0.448047 0.618625 0.446094 0.620375 0.444141 0.624625 0.442422 0.627750 0.440937 0.629125 0.440625 0.631875 0.443906 0.636375 0.449453 0.641500 0.454219 0.646375 0.462344 0.650125 0.472109 0.649125 0.480234 0.644750 0.481406 0.640375 0.479219 0.633875 0.478125 0.630000 0.476953 0.625125 0.476406 0.620625 0.475781 0.616625 0.474844 0.612000 0.474297 0.606500 0.473828 0.601250 0.472891 0.596125 0.472266 0.592875 0.471250 0.587000 0.470859 0.583500 0.470547 0.580875 0.467891 0.580000 0.461953 0.580000 0.460234 0.580500 0.456016 0.581125 0.453125 0.583000
0 0.437151 0.306277 0.430048 0.316558 0.425652 0.327561 0.424073 0.346501 0.425313 0.363095 0.426779 0.374098 0.432979 0.388167 0.438842 0.394661 0.450679 0.401876 0.460825 0.402778 0.471535 0.396284 0.478637 0.386544 0.483710 0.372475 0.485852 0.359488 0.477284 0.348304 0.473226 0.347042 0.466123 0.346140 0.462854 0.339646 0.458457 0.331169 0.456992 0.338384 0.448875 0.337662 0.440082 0.342532 0.434445 0.338203 0.436249 0.324495 0.436361 0.314033 0.437038 0.308622
0 0.453610 0.408550 0.448762 0.407828 0.444366 0.411616 0.440645 0.416306 0.438391 0.427850 0.438842 0.432720 0.441547 0.440657 0.446057 0.446429 0.450566 0.449675 0.456203 0.448052 0.454963 0.443543 0.449100 0.443723 0.444816 0.442100 0.441660 0.437049 0.441209 0.430916 0.441547 0.422799 0.444027 0.417208 0.446620 0.414683 0.449890 0.414322 0.454173 0.414683 0.456428 0.414141 0.456654 0.410173
