0 0.469919 0.291515 0.455378 0.297445 0.447109 0.310219 0.445683 0.326642 0.448534 0.342153 0.455948 0.354471 0.464787 0.362226 0.480754 0.373631 0.498432 0.379106 0.504990 0.381387 0.513258 0.369982 0.520957 0.366332 0.526659 0.364051 0.526945 0.359489 0.520102 0.359489 0.512403 0.354471 0.504134 0.338504 0.499857 0.322536 0.500428 0.310675 0.500713 0.304745 0.488452 0.297445
0 0.527344 0.360625 0.524219 0.360625 0.523438 0.359375 0.520312 0.359375 0.518750 0.356875 0.517188 0.356875 0.514844 0.360625 0.514062 0.360625 0.509766 0.353750 0.509766 0.351250 0.508203 0.348750 0.508203 0.347500 0.506641 0.345000 0.506641 0.343750 0.505859 0.342500 0.505859 0.341250 0.506641 0.340000 0.506641 0.338750 0.504297 0.335000 0.504297 0.333750 0.503516 0.332500 0.503516 0.328750 0.504297 0.327500 0.504297 0.326250 0.502734 0.322500 0.503516 0.321250 0.503516 0.313750 0.505078 0.311250 0.505078 0.308750 0.504297 0.307500 0.505078 0.306250 0.505078 0.305000 0.505859 0.303750 0.505859 0.302500 0.506641 0.301250 0.506641 0.300000 0.507422 0.298750 0.507422 0.296250 0.509766 0.292500 0.509766 0.291250 0.510156 0.290625 0.510938 0.290625 0.514844 0.284375 0.515625 0.284375 0.516406 0.283125 0.517188 0.283125 0.518750 0.280625 0.519531 0.280625 0.521875 0.278125 0.523438 0.278125 0.524219 0.276875 0.525781 0.276875 0.526563 0.275625 0.532813 0.275625 0.533594 0.274375 0.534375 0.275625 0.538281 0.275625 0.540625 0.278125 0.542188 0.278125 0.542969 0.279375 0.544531 0.279375 0.546875 0.283125 0.547656 0.283125 0.548438 0.284375 0.549219 0.284375 0.550781 0.286875 0.551562 0.286875 0.554297 0.291250 0.554297 0.292500 0.555078 0.293750 0.555078 0.295000 0.556641 0.298750 0.556641 0.307500 0.557422 0.308750 0.557422 0.322500 0.556641 0.323750 0.556641 0.326250 0.555859 0.327500 0.555859 0.330000 0.554297 0.333750 0.554297 0.335000 0.552734 0.337500 0.552734 0.338750 0.551953 0.340000 0.551953 0.341250 0.550781 0.343125 0.550000 0.343125 0.547656 0.346875 0.546875 0.346875 0.545312 0.349375 0.544531 0.349375 0.542188 0.351875 0.540625 0.351875 0.539844 0.353125 0.539062 0.353125 0.537500 0.355625 0.536719 0.355625 0.534375 0.358125 0.532813 0.358125 0.532031 0.359375 0.528125 0.359375
0 0.578125 0.421875 0.576172 0.421250 0.576172 0.416250 0.575391 0.415000 0.575391 0.412500 0.574609 0.411250 0.573828 0.407500 0.572266 0.405000 0.572266 0.401250 0.571484 0.400000 0.570703 0.396250 0.567578 0.391250 0.567578 0.390000 0.562891 0.382500 0.562891 0.381250 0.558594 0.374375 0.557031 0.374375 0.555469 0.371875 0.553125 0.370625 0.551562 0.368125 0.550000 0.368125 0.544531 0.363125 0.542188 0.363125 0.541406 0.361875 0.539062 0.361875 0.537109 0.358750 0.537109 0.357500 0.538281 0.356875 0.540625 0.353125 0.541406 0.353125 0.545312 0.349375 0.546875 0.349375 0.549219 0.345625 0.550781 0.345625 0.553125 0.340625 0.555078 0.338750 0.555078 0.337500 0.555859 0.336250 0.555859 0.333750 0.556641 0.332500 0.556641 0.321250 0.557422 0.320000 0.557422 0.306250 0.556641 0.305000 0.556641 0.303750 0.557422 0.302500 0.557813 0.299375 0.560156 0.299375 0.560937 0.298125 0.561719 0.299375 0.563281 0.299375 0.564063 0.300625 0.567969 0.301875 0.576172 0.315000 0.576172 0.316250 0.578516 0.322500 0.579297 0.328750 0.580078 0.330000 0.580078 0.333750 0.580859 0.335000 0.580859 0.341250 0.581641 0.342500 0.581641 0.347500 0.582422 0.348750 0.582422 0.357500 0.583203 0.358750 0.583203 0.366250 0.583984 0.367500 0.583984 0.390000 0.583203 0.391250 0.583203 0.402500 0.582422 0.403750 0.581641 0.410000 0.580859 0.411250 0.580859 0.418750 0.579688 0.419375
0 0.538281 0.488125 0.528125 0.488125 0.527344 0.486875 0.525781 0.486875 0.525000 0.485625 0.523438 0.485625 0.522656 0.484375 0.521094 0.484375 0.519531 0.481875 0.517188 0.480625 0.514062 0.475625 0.510156 0.473125 0.507031 0.468125 0.506250 0.468125 0.505078 0.463750 0.501172 0.456250 0.501172 0.455000 0.499609 0.451250 0.499609 0.447500 0.497266 0.441250 0.497266 0.436250 0.496484 0.435000 0.496484 0.426250 0.495703 0.425000 0.495703 0.423750 0.496484 0.422500 0.496484 0.406250 0.497266 0.405000 0.497266 0.402500 0.498047 0.401250 0.498047 0.397500 0.498828 0.396250 0.498828 0.393750 0.499609 0.392500 0.501172 0.386250 0.502344 0.385625 0.503906 0.383125 0.504687 0.383125 0.507031 0.379375 0.507812 0.379375 0.508984 0.377500 0.509375 0.375625 0.510156 0.375625 0.514062 0.370625 0.514844 0.370625 0.520312 0.365625 0.521875 0.365625 0.522656 0.364375 0.524219 0.364375 0.525000 0.363125 0.528125 0.363125 0.528906 0.361875 0.532813 0.361875 0.533594 0.363125 0.539062 0.363125 0.539844 0.364375 0.542188 0.364375 0.542969 0.365625 0.544531 0.365625 0.545312 0.366875 0.546875 0.366875 0.553906 0.373125 0.554688 0.373125 0.559375 0.379375 0.560156 0.379375 0.563672 0.385000 0.563672 0.386250 0.570703 0.397500 0.570703 0.400000 0.572266 0.403750 0.572266 0.406250 0.573828 0.410000 0.573828 0.413750 0.574609 0.415000 0.574609 0.420000 0.575391 0.421250 0.575391 0.438750 0.574609 0.440000 0.574609 0.446250 0.573828 0.447500 0.573828 0.450000 0.573047 0.451250 0.573047 0.452500 0.569922 0.457500 0.569922 0.458750 0.568750 0.460625 0.566406 0.460625 0.563281 0.464375 0.559375 0.466875 0.556250 0.471875 0.555469 0.471875 0.555078 0.473750 0.552344 0.478125 0.546875 0.481875 0.545312 0.484375 0.544531 0.484375 0.542188 0.486875 0.539062 0.486875
0 0.494531 0.470625 0.493750 0.469375 0.489844 0.469375 0.489063 0.468125 0.487500 0.468125 0.486719 0.466875 0.485938 0.466875 0.483594 0.464375 0.482031 0.464375 0.481250 0.463125 0.480469 0.463125 0.479687 0.461875 0.477344 0.460625 0.476562 0.459375 0.475000 0.459375 0.473438 0.456875 0.472656 0.456875 0.471875 0.455625 0.471094 0.455625 0.469531 0.453125 0.467187 0.451875 0.464844 0.448125 0.464062 0.448125 0.460938 0.443125 0.460156 0.443125 0.458594 0.440625 0.457813 0.440625 0.457422 0.438750 0.456250 0.436875 0.455469 0.436875 0.453125 0.433125 0.452344 0.433125 0.446484 0.423750 0.445703 0.420000 0.443359 0.416250 0.442578 0.412500 0.441016 0.410000 0.441016 0.406250 0.440234 0.405000 0.440234 0.402500 0.439453 0.401250 0.439453 0.387500 0.440234 0.386250 0.440234 0.383750 0.441016 0.382500 0.441797 0.378750 0.447656 0.369375 0.448437 0.369375 0.449219 0.368125 0.450781 0.368125 0.451562 0.366875 0.453125 0.366875 0.453906 0.365625 0.456250 0.365625 0.457031 0.364375 0.461719 0.364375 0.462500 0.365625 0.464062 0.365625 0.464844 0.366875 0.466406 0.366875 0.467187 0.368125 0.469531 0.368125 0.470313 0.369375 0.471094 0.369375 0.473438 0.371875 0.475000 0.371875 0.475781 0.373125 0.476562 0.373125 0.480469 0.379375 0.482031 0.379375 0.482812 0.380625 0.484375 0.380625 0.485938 0.383125 0.488281 0.384375 0.492578 0.391250 0.492578 0.392500 0.495703 0.397500 0.495703 0.403750 0.496484 0.405000 0.495703 0.406250 0.495703 0.432500 0.496484 0.433750 0.496484 0.440000 0.497266 0.441250 0.497266 0.442500 0.498047 0.443750 0.498828 0.447500 0.499609 0.448750 0.499609 0.451250 0.500391 0.452500 0.500391 0.453750 0.501953 0.457500 0.501953 0.460000 0.503516 0.463750 0.502734 0.465000 0.502734 0.466250 0.501563 0.468125 0.500781 0.468125 0.500000 0.469375 0.495312 0.469375
0 0.571094 0.679375 0.564844 0.679375 0.564063 0.678125 0.560937 0.678125 0.560156 0.676875 0.558594 0.676875 0.557813 0.675625 0.556250 0.675625 0.554688 0.673125 0.553906 0.673125 0.553125 0.671875 0.549219 0.669375 0.546875 0.665625 0.546094 0.665625 0.540234 0.656250 0.540234 0.655000 0.537891 0.651250 0.537891 0.650000 0.536328 0.647500 0.536328 0.646250 0.534766 0.643750 0.534766 0.641250 0.533984 0.640000 0.533984 0.636250 0.533203 0.635000 0.533203 0.632500 0.532422 0.631250 0.532422 0.613750 0.533984 0.610000 0.533984 0.606250 0.534766 0.605000 0.534766 0.603750 0.535547 0.602500 0.535547 0.601250 0.537891 0.595000 0.537891 0.593750 0.539453 0.591250 0.539453 0.590000 0.546094 0.579375 0.550000 0.576875 0.551562 0.574375 0.552344 0.574375 0.554688 0.571875 0.556250 0.571875 0.557031 0.570625 0.559375 0.570625 0.560156 0.569375 0.576562 0.569375 0.577344 0.570625 0.578906 0.570625 0.579688 0.571875 0.581250 0.571875 0.582031 0.573125 0.582812 0.573125 0.583594 0.574375 0.587500 0.576875 0.589063 0.579375 0.591406 0.580625 0.594531 0.585625 0.595313 0.585625 0.601172 0.595000 0.601172 0.596250 0.603516 0.600000 0.603516 0.601250 0.604297 0.602500 0.604297 0.605000 0.605078 0.606250 0.605078 0.626250 0.604297 0.627500 0.604297 0.651250 0.600391 0.657500 0.600391 0.658750 0.598828 0.661250 0.598828 0.662500 0.597656 0.663125 0.595313 0.666875 0.593750 0.666875 0.592969 0.668125 0.591406 0.668125 0.590625 0.669375 0.589063 0.669375 0.588281 0.670625 0.586719 0.670625 0.585938 0.671875 0.585156 0.671875 0.581250 0.675625 0.579688 0.675625 0.578906 0.676875 0.575781 0.676875 0.575000 0.678125 0.571875 0.678125
0 0.480469 0.649375 0.467969 0.649375 0.467187 0.648125 0.465625 0.648125 0.464844 0.646875 0.462500 0.646875 0.461719 0.645625 0.459375 0.645625 0.458594 0.644375 0.456250 0.643125 0.455859 0.641250 0.453125 0.636875 0.452344 0.636875 0.446484 0.627500 0.446484 0.625000 0.445703 0.623750 0.445703 0.622500 0.443359 0.618750 0.443359 0.617500 0.441797 0.615000 0.441016 0.611250 0.440234 0.610000 0.440234 0.607500 0.438672 0.605000 0.438672 0.601250 0.437891 0.600000 0.437891 0.595000 0.438672 0.593750 0.438672 0.578750 0.437891 0.577500 0.437891 0.573750 0.438672 0.572500 0.438672 0.566250 0.439453 0.565000 0.439453 0.563750 0.441797 0.560000 0.441797 0.557500 0.448437 0.546875 0.449219 0.546875 0.450781 0.544375 0.451562 0.544375 0.453906 0.540625 0.457813 0.538125 0.459375 0.535625 0.460938 0.535625 0.461719 0.534375 0.463281 0.534375 0.464062 0.533125 0.466406 0.533125 0.467187 0.531875 0.469531 0.531875 0.470313 0.530625 0.473438 0.530625 0.474219 0.529375 0.476562 0.529375 0.477344 0.530625 0.481250 0.530625 0.482031 0.531875 0.484375 0.531875 0.485156 0.533125 0.486719 0.533125 0.489063 0.536875 0.489844 0.536875 0.491016 0.538750 0.491016 0.540000 0.492969 0.543125 0.493750 0.543125 0.501172 0.555000 0.501172 0.556250 0.501953 0.557500 0.501953 0.560000 0.504297 0.563750 0.504297 0.565000 0.505859 0.568750 0.505859 0.571250 0.506641 0.572500 0.506641 0.575000 0.507422 0.576250 0.507422 0.578750 0.508203 0.580000 0.508203 0.586250 0.508984 0.587500 0.508984 0.597500 0.509766 0.598750 0.509766 0.606250 0.510547 0.607500 0.509766 0.608750 0.509766 0.616250 0.508984 0.617500 0.508984 0.623750 0.504687 0.630625 0.503906 0.630625 0.501563 0.634375 0.500391 0.636250 0.500000 0.638125 0.499219 0.638125 0.497656 0.640625 0.496875 0.640625 0.492969 0.644375 0.491406 0.644375 0.490625 0.645625 0.489063 0.645625 0.488281 0.646875 0.485938 0.646875 0.485156 0.648125 0.481250 0.648125
0 0.507031 0.554375 0.504687 0.554375 0.503906 0.553125 0.502344 0.553125 0.498437 0.546875 0.497656 0.546875 0.496484 0.545000 0.496484 0.543750 0.491797 0.536250 0.491797 0.535000 0.489844 0.531875 0.489063 0.531875 0.488672 0.531250 0.488672 0.530000 0.486328 0.526250 0.486328 0.523750 0.485547 0.522500 0.485547 0.520000 0.484766 0.518750 0.484766 0.501250 0.485547 0.500000 0.485547 0.495000 0.486328 0.493750 0.486328 0.491250 0.487109 0.490000 0.487109 0.487500 0.488672 0.485000 0.488672 0.483750 0.489453 0.482500 0.489453 0.481250 0.490234 0.480000 0.490234 0.478750 0.493750 0.473125 0.496094 0.473125 0.496875 0.471875 0.501563 0.471875 0.502344 0.470625 0.503125 0.471875 0.506250 0.471875 0.507031 0.473125 0.507812 0.473125 0.510156 0.476875 0.510938 0.476875 0.511719 0.478125 0.512500 0.478125 0.515625 0.483125 0.516406 0.483125 0.520312 0.489375 0.521094 0.489375 0.523047 0.492500 0.523047 0.495000 0.523828 0.496250 0.523828 0.497500 0.524609 0.498750 0.524609 0.507500 0.525391 0.508750 0.525391 0.515000 0.524609 0.516250 0.524609 0.517500 0.523828 0.518750 0.523828 0.520000 0.523047 0.521250 0.523047 0.522500 0.512109 0.540000 0.512109 0.541250 0.511328 0.542500 0.511328 0.543750 0.510547 0.545000 0.510547 0.548750
0 0.533594 0.643125 0.532031 0.643125 0.531250 0.641875 0.528906 0.641875 0.526563 0.638125 0.524219 0.636875 0.519341 0.625435 0.517578 0.622500 0.516797 0.621250 0.516016 0.617500 0.514453 0.615000 0.514453 0.612500 0.513672 0.611250 0.513672 0.607500 0.512891 0.606250 0.512891 0.600000 0.512109 0.598750 0.511328 0.592500 0.509766 0.588750 0.509766 0.583750 0.508984 0.582500 0.508984 0.578750 0.508203 0.577500 0.508203 0.570000 0.507422 0.568750 0.507422 0.562500 0.506641 0.561250 0.506641 0.557500 0.508984 0.552500 0.508984 0.545000 0.509766 0.543750 0.509766 0.542500 0.512891 0.537500 0.514453 0.531250 0.517969 0.529375 0.520312 0.525625 0.522656 0.524375 0.525781 0.519375 0.528125 0.519375 0.529687 0.516875 0.532031 0.519375 0.533594 0.519375 0.534375 0.521875 0.535156 0.521875 0.535937 0.523125 0.537500 0.523125 0.539062 0.525625 0.539844 0.525625 0.543354 0.529642 0.548570 0.539725 0.550309 0.545115 0.551612 0.549809 0.552373 0.551721 0.552808 0.556415 0.552699 0.561805 0.553025 0.565803 0.552734 0.568750 0.552734 0.572500 0.549219 0.578125 0.548438 0.578125 0.546875 0.580625 0.544531 0.581875 0.542578 0.585000 0.541797 0.586250 0.541797 0.587500 0.539453 0.591250 0.538672 0.595000 0.537891 0.596250 0.537891 0.598750 0.535156 0.600625 0.533984 0.602500 0.533984 0.606250 0.533203 0.607500 0.533203 0.608750 0.533984 0.610000 0.533984 0.613750 0.533203 0.615000 0.533203 0.622500 0.532422 0.623750 0.533984 0.626250 0.533984 0.628750 0.533203 0.630000 0.533203 0.632500 0.533984 0.633750 0.533984 0.637500 0.533203 0.638750 0.533203 0.640000 0.533984 0.641250
0 0.568744 0.461245 0.561823 0.465920 0.558132 0.470349 0.554903 0.475025 0.552288 0.478716 0.547060 0.482899 0.541831 0.488066 0.538909 0.489050 0.531988 0.489296 0.529374 0.498647 0.528451 0.508243 0.529528 0.514641 0.532142 0.519808 0.536602 0.523007 0.541062 0.526206 0.544753 0.530389 0.546906 0.535310 0.548905 0.539985 0.550597 0.545399 0.552442 0.550812 0.553057 0.554503 0.554903 0.557210 0.559363 0.557702 0.565207 0.557210 0.571204 0.553519 0.581970 0.537279 0.587045 0.515133 0.585968 0.495940 0.584277 0.481914 0.580278 0.473302 0.572281 0.464690
