0 0.535156 0.438125 0.532813 0.438125 0.532031 0.436875 0.525781 0.436875 0.525000 0.435625 0.523438 0.435625 0.522656 0.434375 0.521094 0.434375 0.520312 0.433125 0.518750 0.433125 0.517969 0.431875 0.515625 0.430625 0.514062 0.428125 0.512500 0.428125 0.511719 0.426875 0.509375 0.425625 0.505078 0.418750 0.505078 0.416250 0.504297 0.415000 0.504297 0.413750 0.499609 0.401250 0.498828 0.395000 0.498047 0.393750 0.498047 0.391250 0.497266 0.390000 0.497266 0.370000 0.498047 0.368750 0.498047 0.363750 0.498828 0.362500 0.498828 0.357500 0.501953 0.350000 0.501953 0.346250 0.504297 0.343750 0.504297 0.341250 0.505078 0.340000 0.505078 0.338750 0.508984 0.331250 0.508984 0.330000 0.510156 0.328125 0.510938 0.328125 0.514062 0.323125 0.514844 0.323125 0.517969 0.319375 0.523438 0.315625 0.525000 0.313125 0.525781 0.313125 0.526563 0.311875 0.528125 0.311875 0.528906 0.310625 0.532031 0.310625 0.532813 0.309375 0.535937 0.309375 0.536719 0.308125 0.539062 0.308125 0.539844 0.306875 0.551562 0.306875 0.552344 0.308125 0.553906 0.308125 0.554688 0.309375 0.557031 0.309375 0.559375 0.311875 0.560937 0.311875 0.561719 0.313125 0.562500 0.313125 0.563672 0.315000 0.563672 0.316250 0.569531 0.324375 0.571094 0.328125 0.573828 0.330000 0.574609 0.333750 0.577734 0.338750 0.577734 0.341250 0.578516 0.342500 0.578516 0.347500 0.579297 0.348750 0.579297 0.351250 0.580078 0.352500 0.580078 0.357500 0.580859 0.358750 0.580078 0.360000 0.580078 0.367500 0.580859 0.368750 0.580859 0.372500 0.580078 0.373750 0.580078 0.378750 0.579297 0.380000 0.579297 0.385000 0.578516 0.386250 0.578516 0.388750 0.577734 0.390000 0.577734 0.393750 0.576172 0.396250 0.575391 0.400000 0.572266 0.405000 0.572266 0.406250 0.569922 0.408750 0.569922 0.410000 0.561719 0.423125 0.560937 0.423125 0.559375 0.425625 0.557031 0.426875 0.554688 0.429375 0.553125 0.429375 0.547656 0.434375 0.546094 0.434375 0.545312 0.435625 0.542969 0.435625 0.542188 0.436875 0.535937 0.436875
0 0.456250 0.430625 0.453125 0.430625 0.452344 0.429375 0.446875 0.429375 0.443750 0.424375 0.439844 0.423125 0.438672 0.421250 0.434766 0.408750 0.432812 0.405625 0.431641 0.405000 0.431641 0.400000 0.430859 0.398750 0.430859 0.395000 0.429297 0.390000 0.429297 0.385000 0.427734 0.380000 0.427734 0.375000 0.426953 0.373750 0.426953 0.358750 0.426172 0.357500 0.426172 0.345000 0.425391 0.343750 0.425391 0.321250 0.426172 0.320000 0.426172 0.311250 0.426953 0.310000 0.427734 0.301250 0.429297 0.297500 0.429297 0.295000 0.430859 0.290000 0.432031 0.288125 0.432812 0.288125 0.435547 0.282500 0.439844 0.278125 0.442188 0.278125 0.443750 0.275625 0.452344 0.275625 0.455469 0.278125 0.460156 0.279375 0.461719 0.281875 0.463281 0.281875 0.469922 0.295000 0.469922 0.298750 0.470703 0.300000 0.471484 0.308750 0.472266 0.310000 0.472266 0.315000 0.473047 0.316250 0.473047 0.318750 0.475391 0.326250 0.475391 0.336250 0.476172 0.337500 0.476172 0.346250 0.476953 0.347500 0.476953 0.368750 0.477734 0.370000 0.477734 0.373750 0.476953 0.375000 0.476953 0.380000 0.476172 0.381250 0.476172 0.386250 0.475391 0.387500 0.475391 0.398750 0.468359 0.421250 0.463281 0.428125 0.460938 0.428125 0.460156 0.429375 0.457031 0.429375
0 0.482812 0.416875 0.478125 0.416875 0.475391 0.412500 0.475391 0.407500 0.476172 0.406250 0.476172 0.400000 0.476953 0.398750 0.476953 0.388750 0.477734 0.387500 0.477734 0.380000 0.478516 0.378750 0.478516 0.361250 0.477734 0.360000 0.477734 0.347500 0.476953 0.346250 0.476953 0.340000 0.476172 0.338750 0.476172 0.331250 0.475391 0.330000 0.475391 0.325000 0.474609 0.323750 0.474609 0.317500 0.473828 0.316250 0.473828 0.311250 0.473047 0.310000 0.473047 0.306250 0.472266 0.305000 0.472266 0.297500 0.473438 0.295625 0.480469 0.295625 0.481250 0.296875 0.486719 0.296875 0.487500 0.298125 0.489844 0.298125 0.490625 0.299375 0.491406 0.299375 0.492969 0.301875 0.493750 0.301875 0.494531 0.303125 0.495312 0.303125 0.496875 0.305625 0.497656 0.305625 0.502344 0.311875 0.506250 0.314375 0.506641 0.315000 0.506641 0.317500 0.507422 0.318750 0.506641 0.320000 0.506641 0.323750 0.505078 0.327500 0.505078 0.330000 0.504297 0.331250 0.504297 0.332500 0.501172 0.341250 0.501172 0.343750 0.500391 0.345000 0.500391 0.347500 0.498828 0.351250 0.498828 0.353750 0.498047 0.355000 0.498047 0.358750 0.497266 0.360000 0.497266 0.362500 0.496484 0.363750 0.496484 0.377500 0.495703 0.378750 0.495703 0.382500 0.496484 0.383750 0.496484 0.390000 0.495703 0.391250 0.495703 0.397500 0.494922 0.398750 0.494922 0.400000 0.491016 0.406250 0.491016 0.407500 0.487891 0.411250 0.487500 0.413125 0.486719 0.413125 0.485938 0.414375 0.484375 0.414375
0 0.472656 0.635625 0.460938 0.635625 0.460156 0.634375 0.453906 0.634375 0.453125 0.633125 0.451562 0.633125 0.450781 0.631875 0.448437 0.631875 0.444922 0.626250 0.444922 0.623750 0.444141 0.622500 0.443359 0.618750 0.441797 0.616250 0.441797 0.613750 0.441016 0.612500 0.441016 0.610000 0.440234 0.608750 0.440234 0.598750 0.441016 0.597500 0.441016 0.592500 0.441797 0.591250 0.442578 0.587500 0.444922 0.583750 0.444922 0.582500 0.445703 0.581250 0.445703 0.580000 0.446484 0.578750 0.446875 0.576875 0.449219 0.575625 0.450781 0.573125 0.453906 0.573125 0.454688 0.571875 0.457031 0.571875 0.457813 0.570625 0.459375 0.570625 0.461719 0.568125 0.463281 0.568125 0.464062 0.566875 0.466406 0.565625 0.466797 0.563750 0.469531 0.559375 0.470313 0.559375 0.475000 0.551875 0.475781 0.551875 0.478516 0.547500 0.478906 0.545625 0.480469 0.545625 0.481250 0.544375 0.483594 0.543125 0.484375 0.544375 0.485938 0.544375 0.487109 0.546250 0.487109 0.548750 0.488672 0.551250 0.488672 0.552500 0.491797 0.557500 0.491797 0.558750 0.494922 0.563750 0.494922 0.565000 0.496875 0.568125 0.497656 0.568125 0.502734 0.576250 0.502734 0.586250 0.501953 0.587500 0.501953 0.591250 0.501172 0.592500 0.501172 0.597500 0.500391 0.598750 0.500391 0.600000 0.499609 0.601250 0.498828 0.605000 0.497656 0.605625 0.497266 0.607500 0.495703 0.610000 0.494922 0.613750 0.493750 0.614375 0.491016 0.618750 0.490625 0.620625 0.489844 0.620625 0.486719 0.625625 0.485938 0.625625 0.484375 0.628125 0.483594 0.628125 0.482812 0.629375 0.482031 0.629375 0.479687 0.631875 0.478125 0.631875 0.477344 0.633125 0.475781 0.633125 0.475000 0.634375 0.473438 0.634375
0 0.505540 0.421053 0.501314 0.425256 0.499486 0.433662 0.503027 0.442251 0.509766 0.448830 0.513421 0.466192 0.511707 0.478070 0.508738 0.490680 0.506682 0.495066 0.511822 0.500000 0.521987 0.500365 0.530782 0.498904 0.537521 0.496345 0.546430 0.485928 0.551684 0.473319 0.552940 0.459978 0.552826 0.452668 0.549513 0.450110 0.546201 0.446637 0.543803 0.440241 0.542203 0.439693 0.538206 0.440241 0.533523 0.440789 0.529183 0.440424 0.524842 0.439693 0.522215 0.438596 0.517532 0.436221 0.511022 0.430190 0.507938 0.427083 0.505197 0.423063
0 0.574984 0.428728 0.567446 0.431287 0.562763 0.438048 0.561049 0.445724 0.561621 0.454130 0.563220 0.460526 0.568359 0.467105 0.573385 0.468385 0.579439 0.467654 0.583665 0.462171 0.587205 0.453765 0.585720 0.440424 0.582865 0.435307 0.578867 0.430921
0 0.468190 0.425621 0.472302 0.423063 0.478470 0.423246 0.481211 0.423611 0.485551 0.425256 0.489092 0.427632 0.492290 0.429825 0.497773 0.436586 0.499600 0.438779 0.502227 0.443165 0.505083 0.448282 0.507139 0.454130 0.508509 0.458516 0.510222 0.466557 0.510679 0.471126 0.509994 0.476060 0.509766 0.481725 0.508852 0.486111 0.507824 0.489766 0.506225 0.492690 0.504169 0.496345 0.502113 0.497990 0.500057 0.499635 0.496859 0.501096 0.492519 0.501279 0.490006 0.501279 0.480869 0.500731 0.472645 0.497990 0.468076 0.496345 0.461794 0.491776 0.458368 0.489583 0.458482 0.483370 0.456997 0.478801 0.455741 0.474963 0.453913 0.470760 0.451743 0.468019 0.448773 0.465095 0.447974 0.469115 0.447745 0.474415 0.447517 0.477887 0.446832 0.477522 0.443633 0.471857 0.439407 0.466192 0.437009 0.459795 0.434839 0.455592 0.433125 0.450475 0.435296 0.450658 0.438608 0.449744 0.443177 0.449927 0.446146 0.450292 0.449573 0.451023 0.453228 0.449927 0.455169 0.446272 0.456426 0.443348 0.456883 0.439876 0.458253 0.438596 0.459281 0.438048 0.461223 0.437135 0.463964 0.434211 0.465106 0.431469 0.467277 0.428180
0 0.432440 0.441155 0.436209 0.440972 0.440093 0.439327 0.443062 0.439145 0.446032 0.439145 0.449344 0.437317 0.451743 0.435855 0.453570 0.432931 0.450829 0.431835 0.448431 0.430556 0.444547 0.429276 0.443291 0.427266 0.441920 0.426535 0.439293 0.425621 0.437694 0.425439 0.435981 0.425987 0.433697 0.430007 0.432212 0.434942
0 0.446946 0.493238 0.442491 0.493787 0.437009 0.499635 0.432554 0.510782 0.429470 0.524671 0.428443 0.534174 0.430042 0.546601 0.432440 0.554825 0.435296 0.561586 0.441006 0.564693 0.444776 0.566886 0.449573 0.568531 0.458482 0.567800 0.464307 0.564145 0.466934 0.559393 0.473901 0.550804 0.477899 0.545322 0.480754 0.535270 0.480297 0.528326 0.478698 0.522113 0.477328 0.511696 0.473787 0.504751 0.469561 0.498538 0.461109 0.494518 0.461337 0.501279 0.465678 0.500365 0.470132 0.504569 0.469447 0.512427 0.469333 0.519189 0.471845 0.520833 0.474815 0.521199 0.478127 0.525950 0.480069 0.530885 0.479612 0.534174 0.478470 0.538012 0.476871 0.542032 0.474929 0.546235 0.472074 0.549890 0.467848 0.550073 0.463051 0.541484 0.459396 0.541118 0.456312 0.546784 0.454598 0.553363 0.449344 0.552997 0.446717 0.549525 0.444433 0.547697 0.441578 0.545322 0.437808 0.541301 0.438951 0.533260 0.440778 0.530885 0.443291 0.528509 0.443976 0.523940 0.443862 0.511879 0.443976 0.505300 0.444547 0.498904
0 0.532368 0.507180 0.526336 0.502707 0.520745 0.502001 0.512947 0.500118 0.505591 0.501295 0.497352 0.506944 0.492791 0.514007 0.489260 0.525777 0.488818 0.538018 0.490142 0.551436 0.493379 0.557792 0.497352 0.563442 0.505738 0.571916 0.514419 0.575683 0.523393 0.576153 0.531044 0.575212 0.537665 0.567208 0.542226 0.559675 0.544727 0.551436 0.546051 0.542491 0.545463 0.530720 0.542667 0.521304 0.536046 0.512359
0 0.542079 0.513771 0.548699 0.506474 0.557821 0.505532 0.564883 0.509298 0.571798 0.517067 0.575035 0.527895 0.577684 0.544374 0.578566 0.580862 0.574594 0.610993 0.570180 0.622764 0.564883 0.632651 0.558116 0.636182 0.548552 0.633592 0.541490 0.623705 0.536635 0.607698 0.533839 0.586276 0.538548 0.578037 0.546640 0.560617 0.551053 0.559204 0.555762 0.558498 0.559881 0.557086 0.556497 0.554732 0.552819 0.552613 0.550465 0.552378 0.554437 0.546728 0.556497 0.543668 0.559881 0.539430 0.562235 0.536605 0.561058 0.532604 0.559440 0.532604 0.557527 0.534487 0.555173 0.536605 0.552966 0.538489 0.550612 0.539430 0.548699 0.541549 0.547522 0.541549 0.546787 0.531662 0.544874 0.523658 0.541784 0.518479
