0 0.501143 0.353809 0.495704 0.356458 0.492392 0.361251 0.490185 0.365161 0.487584 0.374495 0.487505 0.383829 0.487978 0.387487 0.489554 0.392281 0.490579 0.396317 0.493023 0.399092 0.496098 0.401867 0.501458 0.404011 0.505716 0.405146 0.511865 0.400732 0.515727 0.394425 0.518881 0.388370 0.519669 0.376009 0.518487 0.369072 0.516200 0.364152 0.512811 0.359612 0.510682 0.356837 0.507292 0.355197 0.504769 0.354314
0 0.459375 0.430625 0.458594 0.429375 0.451562 0.429375 0.450781 0.428125 0.448437 0.428125 0.447656 0.426875 0.443750 0.424375 0.442188 0.421875 0.441406 0.421875 0.436328 0.413750 0.436328 0.411250 0.435547 0.410000 0.435547 0.408750 0.434375 0.408125 0.431641 0.403750 0.430859 0.400000 0.429297 0.397500 0.429297 0.396250 0.427734 0.392500 0.427734 0.390000 0.426953 0.388750 0.426953 0.383750 0.426172 0.382500 0.426172 0.360000 0.426953 0.358750 0.426953 0.353750 0.427734 0.352500 0.427734 0.347500 0.428516 0.346250 0.428516 0.345000 0.430859 0.341250 0.430859 0.340000 0.433203 0.336250 0.433203 0.335000 0.437109 0.328750 0.437109 0.327500 0.438672 0.325000 0.439063 0.323125 0.439844 0.323125 0.442188 0.319375 0.442969 0.319375 0.444531 0.316875 0.445312 0.316875 0.446094 0.315625 0.448437 0.315625 0.449219 0.314375 0.460938 0.314375 0.461719 0.313125 0.463281 0.313125 0.465625 0.315625 0.467187 0.315625 0.467969 0.316875 0.469531 0.316875 0.471875 0.319375 0.473438 0.319375 0.474219 0.320625 0.475781 0.320625 0.477344 0.323125 0.479687 0.324375 0.482812 0.329375 0.483984 0.330000 0.483984 0.331250 0.486328 0.335000 0.487109 0.338750 0.488672 0.341250 0.488672 0.342500 0.490234 0.345000 0.490234 0.346250 0.491016 0.347500 0.491016 0.352500 0.491797 0.353750 0.491797 0.358750 0.491016 0.360000 0.491016 0.362500 0.489453 0.365000 0.489453 0.366250 0.487891 0.370000 0.487891 0.372500 0.487109 0.373750 0.487109 0.392500 0.486328 0.393750 0.486328 0.398750 0.484766 0.402500 0.484766 0.406250 0.483984 0.407500 0.483984 0.410000 0.482812 0.410625 0.482422 0.412500 0.478125 0.419375 0.477344 0.419375 0.475000 0.423125 0.474219 0.423125 0.470313 0.426875 0.469531 0.426875 0.468750 0.428125 0.467187 0.428125 0.466406 0.429375 0.460156 0.429375
0 0.484375 0.544375 0.482812 0.544375 0.482031 0.543125 0.481250 0.543125 0.480469 0.541875 0.479687 0.541875 0.478906 0.540625 0.476562 0.539375 0.471875 0.531875 0.471094 0.531875 0.466797 0.525000 0.466797 0.523750 0.466016 0.522500 0.465234 0.518750 0.464453 0.517500 0.464453 0.516250 0.462891 0.513750 0.462891 0.508750 0.462109 0.507500 0.462109 0.491250 0.462891 0.490000 0.462891 0.485000 0.463672 0.483750 0.464453 0.480000 0.465234 0.478750 0.465234 0.476250 0.466016 0.475000 0.466797 0.471250 0.469922 0.466250 0.469922 0.465000 0.475000 0.456875 0.475781 0.456875 0.477344 0.454375 0.478125 0.454375 0.479687 0.451875 0.480469 0.451875 0.482812 0.448125 0.484375 0.448125 0.486328 0.445000 0.486328 0.443750 0.487500 0.443125 0.488281 0.444375 0.490625 0.444375 0.491406 0.445625 0.492188 0.445625 0.497656 0.454375 0.498437 0.454375 0.502344 0.460625 0.503125 0.460625 0.505469 0.463125 0.507031 0.463125 0.508594 0.465625 0.510156 0.465625 0.510938 0.466875 0.512500 0.466875 0.513281 0.468125 0.515625 0.468125 0.516406 0.469375 0.518750 0.469375 0.519531 0.470625 0.521094 0.470625 0.521875 0.471875 0.522656 0.471875 0.524609 0.475000 0.524609 0.477500 0.525391 0.478750 0.525391 0.487500 0.524609 0.488750 0.524609 0.498750 0.523047 0.501250 0.523047 0.502500 0.521484 0.506250 0.521484 0.508750 0.520703 0.510000 0.519922 0.513750 0.515234 0.521250 0.515234 0.522500 0.508984 0.532500 0.508594 0.534375 0.507812 0.534375 0.506250 0.536875 0.505469 0.536875 0.504687 0.538125 0.502344 0.539375 0.501563 0.540625 0.500000 0.540625 0.499219 0.541875 0.496094 0.541875 0.495312 0.543125 0.485156 0.543125
0 0.467969 0.643125 0.454688 0.643125 0.453906 0.641875 0.451562 0.641875 0.450781 0.640625 0.450000 0.640625 0.449219 0.639375 0.448437 0.639375 0.446094 0.635625 0.445312 0.635625 0.444922 0.635000 0.444922 0.633750 0.443359 0.631250 0.443359 0.630000 0.442578 0.628750 0.442578 0.627500 0.441016 0.623750 0.441016 0.620000 0.440234 0.618750 0.440234 0.606250 0.441016 0.605000 0.441016 0.601250 0.441797 0.600000 0.441797 0.598750 0.442578 0.597500 0.442578 0.596250 0.444141 0.592500 0.444141 0.591250 0.446484 0.587500 0.446484 0.586250 0.452734 0.576250 0.452734 0.575000 0.459375 0.564375 0.460938 0.564375 0.462500 0.561875 0.463281 0.561875 0.464062 0.560625 0.464844 0.560625 0.467969 0.555625 0.468750 0.555625 0.471094 0.551875 0.471875 0.551875 0.472656 0.550625 0.473438 0.550625 0.475000 0.548125 0.477344 0.548125 0.478125 0.546875 0.480469 0.546875 0.481250 0.545625 0.491406 0.545625 0.492188 0.544375 0.499219 0.544375 0.500391 0.546250 0.500391 0.550000 0.500000 0.550625 0.499219 0.550625 0.498437 0.551875 0.497656 0.551875 0.496094 0.554375 0.495312 0.554375 0.492188 0.559375 0.491406 0.559375 0.487109 0.566250 0.487109 0.567500 0.483203 0.573750 0.483203 0.575000 0.482422 0.576250 0.482422 0.577500 0.480859 0.581250 0.480859 0.583750 0.479297 0.587500 0.479297 0.593750 0.478516 0.595000 0.478516 0.600000 0.479297 0.601250 0.479297 0.612500 0.480078 0.613750 0.480078 0.618750 0.480859 0.620000 0.480859 0.628750 0.481641 0.630000 0.481641 0.631250 0.478906 0.635625 0.478125 0.635625 0.477344 0.636875 0.476562 0.636875 0.475781 0.638125 0.475000 0.638125 0.474219 0.639375 0.473438 0.639375 0.472656 0.640625 0.471875 0.640625 0.471094 0.641875 0.468750 0.641875
0 0.561719 0.616875 0.560937 0.616875 0.560547 0.616250 0.560547 0.611250 0.559766 0.610000 0.559766 0.603750 0.558984 0.602500 0.558984 0.597500 0.558203 0.596250 0.558203 0.595000 0.556641 0.592500 0.556641 0.588750 0.555859 0.587500 0.555859 0.586250 0.555078 0.585000 0.555078 0.583750 0.553516 0.581250 0.553516 0.580000 0.552734 0.578750 0.552734 0.576250 0.551172 0.573750 0.551172 0.572500 0.550000 0.570625 0.549219 0.570625 0.548047 0.568750 0.548047 0.567500 0.544922 0.562500 0.544922 0.561250 0.542578 0.557500 0.542578 0.556250 0.541016 0.553750 0.541406 0.553125 0.542188 0.553125 0.543359 0.551250 0.543359 0.550000 0.544922 0.546250 0.544922 0.545000 0.545703 0.543750 0.545703 0.542500 0.547266 0.540000 0.547266 0.538750 0.551562 0.531875 0.552344 0.531875 0.553125 0.530625 0.553906 0.530625 0.556250 0.526875 0.557031 0.526875 0.557813 0.525625 0.559375 0.525625 0.560156 0.524375 0.564063 0.524375 0.564844 0.523125 0.565625 0.524375 0.570312 0.524375 0.571094 0.525625 0.572656 0.525625 0.578516 0.535000 0.578516 0.536250 0.580859 0.540000 0.580859 0.542500 0.581641 0.543750 0.581641 0.547500 0.582422 0.548750 0.582422 0.565000 0.581641 0.566250 0.581641 0.571250 0.580859 0.572500 0.580859 0.576250 0.580078 0.577500 0.580078 0.578750 0.579297 0.580000 0.579297 0.581250 0.577734 0.585000 0.577734 0.586250 0.576953 0.587500 0.576953 0.588750 0.575391 0.591250 0.575391 0.592500 0.573828 0.595000 0.573828 0.596250 0.571484 0.600000 0.571484 0.601250 0.569922 0.603750 0.569922 0.605000 0.567578 0.608750 0.567578 0.610000 0.564844 0.614375 0.563281 0.614375
0 0.561406 0.411625 0.560937 0.419875 0.559531 0.426750 0.558281 0.430750 0.558359 0.434625 0.562500 0.434750 0.566797 0.432500 0.570703 0.427750 0.574531 0.420125 0.577734 0.412000 0.579844 0.401625 0.581797 0.391000 0.582578 0.378875 0.583047 0.365500 0.582969 0.356500 0.582734 0.354625 0.579844 0.355375 0.577188 0.356375 0.574453 0.356375 0.572813 0.356625 0.573672 0.364625 0.573906 0.370625 0.573438 0.372250 0.571719 0.373000 0.571094 0.373500 0.572422 0.375625 0.573359 0.377000 0.573906 0.378500 0.574297 0.379500 0.574766 0.381875 0.574766 0.383500 0.574766 0.384750 0.574531 0.387125 0.574219 0.389375 0.573438 0.393125 0.572734 0.396250 0.572422 0.398000 0.573359 0.400875 0.574453 0.404125 0.575313 0.408625 0.575469 0.411375 0.575391 0.413125 0.574453 0.415250 0.573359 0.415375 0.571875 0.415250 0.569375 0.414125 0.566875 0.413375 0.565937 0.413125 0.565547 0.411875 0.564531 0.412875 0.563359 0.413125
0 0.564063 0.489875 0.559141 0.495000 0.556016 0.499375 0.555234 0.508000 0.555547 0.517125 0.557109 0.521750 0.559531 0.523000 0.563281 0.523250 0.566953 0.523375 0.570625 0.523250 0.574531 0.521750 0.576562 0.518875 0.578125 0.513375 0.578125 0.506000 0.576953 0.500875 0.574844 0.496000 0.570078 0.492125 0.566953 0.490500
0 0.487723 0.392946 0.486496 0.406518 0.486830 0.417411 0.488839 0.428482 0.491518 0.440446 0.494754 0.446696 0.501228 0.455268 0.508259 0.461875 0.519196 0.467054 0.527902 0.466875 0.536719 0.463839 0.548103 0.449911 0.553906 0.438839 0.558371 0.426161 0.560491 0.410625 0.558929 0.402946 0.556138 0.392946 0.556362 0.384018 0.554129 0.388661 0.549442 0.385982 0.548549 0.379196 0.547433 0.376518 0.545312 0.377589 0.541853 0.379196 0.539286 0.379018 0.536161 0.379018 0.533147 0.373304 0.531808 0.369732 0.529799 0.363482 0.528460 0.360804 0.525000 0.362232 0.523884 0.368839 0.523326 0.375446 0.520424 0.377589 0.519978 0.378482 0.519643 0.384911 0.519196 0.388125 0.518862 0.389375 0.518192 0.391161 0.516741 0.394018 0.515625 0.396161 0.514286 0.397768 0.512388 0.399911 0.511272 0.401518 0.509821 0.403304 0.508371 0.404732 0.505246 0.405804 0.502790 0.405804 0.500335 0.404732 0.498214 0.404018 0.494866 0.402232 0.493750 0.401161 0.491629 0.399196 0.489174 0.395625
0 0.568952 0.269610 0.562468 0.274545 0.556142 0.284286 0.551793 0.293902 0.549421 0.303264 0.550291 0.315030 0.551952 0.320724 0.552426 0.324013 0.551635 0.326923 0.554166 0.330086 0.555984 0.331731 0.559859 0.334135 0.562547 0.336412 0.565869 0.339575 0.567766 0.342232 0.569585 0.345015 0.569743 0.346407 0.569269 0.349443 0.571878 0.352100 0.573697 0.352986 0.577492 0.354631 0.580181 0.353492 0.582869 0.351721 0.585716 0.350582 0.588405 0.347546 0.590777 0.343877 0.594968 0.337424 0.597577 0.331478 0.599317 0.325784 0.599949 0.323001 0.597656 0.316422 0.596233 0.306807 0.586902 0.305921 0.584056 0.295673 0.584056 0.288335 0.582790 0.282262 0.580339 0.278593 0.577730 0.277075 0.571008 0.276442 0.569585 0.272647
0 0.457734 0.298250 0.453437 0.301000 0.449453 0.301625 0.446641 0.302500 0.444531 0.308125 0.443281 0.312250 0.441563 0.315750 0.440859 0.320000 0.444531 0.315125 0.447422 0.313875 0.452500 0.314625 0.455703 0.314250 0.460781 0.314375 0.462969 0.312125 0.461484 0.305500 0.459141 0.301250
0 0.461953 0.296000 0.462578 0.300000 0.464844 0.304125 0.465078 0.307250 0.467500 0.308625 0.469922 0.309000 0.471484 0.309750 0.475000 0.309625 0.477500 0.305500 0.478594 0.301500 0.476719 0.299000 0.473828 0.295500 0.473281 0.292250 0.473281 0.290250 0.473359 0.289000 0.473203 0.286500 0.472578 0.285375 0.472109 0.284625 0.471484 0.283500 0.471250 0.281875 0.471875 0.281000 0.474766 0.281000 0.478984 0.282625 0.483984 0.284875 0.485078 0.286250 0.487969 0.290000 0.489922 0.291750 0.492734 0.293625 0.496641 0.296500 0.498906 0.297500 0.499375 0.296750 0.497109 0.293500 0.494297 0.287000 0.491797 0.283875 0.486719 0.281000 0.484766 0.279875 0.479766 0.278625 0.476406 0.278625 0.473125 0.278375 0.469766 0.278875 0.467031 0.281375 0.463750 0.284625 0.456172 0.289375 0.453984 0.291375 0.460391 0.291625 0.464062 0.291000 0.467891 0.292125 0.469531 0.293500 0.467969 0.295875 0.465859 0.295750
0 0.474766 0.317250 0.480938 0.305500 0.482891 0.304750 0.483984 0.305875 0.486172 0.306250 0.486406 0.307875 0.486484 0.310875 0.487422 0.314375 0.488516 0.315500 0.491563 0.317125 0.492422 0.318000 0.494219 0.319875 0.496172 0.321750 0.498047 0.324875 0.497109 0.325375 0.493125 0.323625 0.490000 0.322250 0.488281 0.323125 0.488203 0.326500 0.491641 0.328875 0.493828 0.329750 0.498125 0.330625 0.499141 0.333125 0.499297 0.338750 0.497813 0.340875 0.495000 0.343250 0.492656 0.343375 0.490156 0.339875 0.488047 0.335250 0.486250 0.332000 0.484219 0.328125 0.482031 0.325125 0.477891 0.321500 0.476406 0.319250
0 0.526563 0.674375 0.517188 0.674375 0.516406 0.673125 0.512500 0.673125 0.511719 0.671875 0.509375 0.671875 0.505469 0.668125 0.503906 0.668125 0.503125 0.666875 0.502344 0.666875 0.492578 0.652500 0.492578 0.651250 0.490234 0.647500 0.489453 0.643750 0.482422 0.632500 0.482422 0.628750 0.481641 0.627500 0.481641 0.621250 0.480859 0.620000 0.480859 0.617500 0.480078 0.616250 0.480078 0.610000 0.479297 0.608750 0.479297 0.603750 0.478516 0.602500 0.478516 0.595000 0.479297 0.593750 0.479297 0.588750 0.481641 0.582500 0.481641 0.580000 0.483203 0.577500 0.483203 0.576250 0.483984 0.575000 0.483984 0.572500 0.485547 0.570000 0.485547 0.568750 0.489063 0.563125 0.489844 0.563125 0.495312 0.555625 0.496094 0.555625 0.496875 0.554375 0.498437 0.554375 0.501563 0.549375 0.502344 0.549375 0.503125 0.548125 0.504687 0.548125 0.505469 0.546875 0.511719 0.546875 0.512500 0.545625 0.518750 0.545625 0.519531 0.546875 0.526563 0.546875 0.527344 0.548125 0.529687 0.548125 0.530469 0.549375 0.532031 0.549375 0.532813 0.550625 0.533594 0.550625 0.539844 0.558125 0.542188 0.559375 0.549609 0.571250 0.549609 0.572500 0.553516 0.580000 0.554297 0.583750 0.558203 0.595000 0.558203 0.597500 0.558984 0.598750 0.558984 0.605000 0.559766 0.606250 0.559766 0.622500 0.558984 0.623750 0.558984 0.628750 0.555859 0.635000 0.555859 0.636250 0.553516 0.641250 0.553516 0.642500 0.551953 0.645000 0.551953 0.646250 0.551172 0.647500 0.551172 0.650000 0.550391 0.651250 0.550391 0.653750 0.548828 0.656250 0.548047 0.660000 0.546094 0.663125 0.544531 0.663125 0.543750 0.664375 0.539844 0.666875 0.536719 0.670625 0.535156 0.670625 0.534375 0.671875 0.532031 0.671875 0.531250 0.673125 0.527344 0.673125
