0 0.545312 0.478125 0.539062 0.478125 0.538281 0.476875 0.535156 0.476875 0.534375 0.475625 0.532031 0.474375 0.529687 0.470625 0.527344 0.470625 0.526563 0.469375 0.525000 0.469375 0.521094 0.465625 0.519531 0.465625 0.518750 0.464375 0.516406 0.463125 0.512500 0.456875 0.511719 0.456875 0.508594 0.453125 0.507812 0.453125 0.506641 0.451250 0.506641 0.448750 0.505859 0.447500 0.505859 0.445000 0.505078 0.443750 0.505078 0.438750 0.504297 0.437500 0.504297 0.431250 0.503516 0.430000 0.503516 0.415000 0.502734 0.413750 0.502734 0.412500 0.503516 0.411250 0.503516 0.403750 0.504297 0.402500 0.504297 0.396250 0.505078 0.395000 0.505078 0.392500 0.508203 0.387500 0.508984 0.381250 0.512500 0.375625 0.513281 0.375625 0.514453 0.373750 0.515234 0.370000 0.521875 0.359375 0.524219 0.358125 0.528125 0.353125 0.529687 0.353125 0.533594 0.349375 0.535156 0.349375 0.537500 0.346875 0.539844 0.346875 0.540625 0.345625 0.548438 0.345625 0.549219 0.346875 0.553125 0.346875 0.553906 0.348125 0.557813 0.349375 0.560156 0.351875 0.561719 0.351875 0.564844 0.355625 0.565625 0.355625 0.567187 0.358125 0.567969 0.358125 0.571094 0.361875 0.571875 0.361875 0.576953 0.370000 0.576953 0.371250 0.579297 0.376250 0.580859 0.382500 0.582422 0.385000 0.582422 0.390000 0.583203 0.391250 0.583203 0.400000 0.583984 0.401250 0.583984 0.411250 0.583203 0.412500 0.583203 0.417500 0.582422 0.418750 0.582422 0.422500 0.580859 0.426250 0.580859 0.430000 0.580078 0.431250 0.580078 0.433750 0.579297 0.435000 0.579297 0.437500 0.577734 0.441250 0.576953 0.445000 0.574609 0.448750 0.574609 0.450000 0.572656 0.453125 0.570312 0.454375 0.569531 0.456875 0.561719 0.468125 0.560937 0.468125 0.560156 0.469375 0.558594 0.469375 0.557813 0.470625 0.556250 0.470625 0.552344 0.474375 0.550781 0.474375 0.550000 0.475625 0.548438 0.475625 0.547656 0.476875 0.546094 0.476875
0 0.521875 0.545625 0.517188 0.545625 0.516406 0.544375 0.514844 0.544375 0.514062 0.543125 0.513281 0.543125 0.512500 0.541875 0.511719 0.541875 0.510938 0.540625 0.509375 0.540625 0.507812 0.538125 0.507031 0.538125 0.505469 0.535625 0.504687 0.535625 0.503906 0.534375 0.503125 0.534375 0.500391 0.530000 0.500391 0.528750 0.499609 0.527500 0.499609 0.525000 0.498828 0.523750 0.498828 0.522500 0.498047 0.521250 0.498047 0.520000 0.497266 0.518750 0.497266 0.517500 0.495703 0.515000 0.495703 0.510000 0.494922 0.508750 0.494922 0.497500 0.495703 0.496250 0.495703 0.490000 0.496484 0.488750 0.496484 0.482500 0.497266 0.481250 0.497266 0.480000 0.498047 0.478750 0.498047 0.477500 0.499609 0.475000 0.499609 0.473750 0.505859 0.463750 0.505859 0.462500 0.506250 0.461875 0.507812 0.461875 0.508594 0.460625 0.509375 0.460625 0.510156 0.459375 0.510938 0.460625 0.511719 0.460625 0.512500 0.461875 0.514062 0.461875 0.514844 0.463125 0.515625 0.463125 0.516406 0.464375 0.517188 0.464375 0.517969 0.465625 0.518750 0.465625 0.519531 0.466875 0.521094 0.466875 0.521875 0.468125 0.523438 0.468125 0.524219 0.469375 0.525000 0.469375 0.525781 0.470625 0.526563 0.470625 0.528125 0.473125 0.528906 0.473125 0.529687 0.474375 0.531250 0.474375 0.532031 0.475625 0.533594 0.475625 0.534375 0.476875 0.535156 0.476875 0.535937 0.478125 0.538281 0.478125 0.539062 0.479375 0.541406 0.479375 0.542188 0.480625 0.542969 0.480625 0.544141 0.482500 0.544141 0.483750 0.542188 0.486875 0.541406 0.486875 0.541016 0.487500 0.541797 0.488750 0.541797 0.491250 0.542578 0.492500 0.542578 0.495000 0.539453 0.500000 0.539453 0.501250 0.536328 0.506250 0.536328 0.507500 0.535547 0.508750 0.535547 0.510000 0.533984 0.512500 0.533984 0.515000 0.533203 0.516250 0.533203 0.517500 0.532422 0.518750 0.532422 0.521250 0.531641 0.522500 0.531641 0.523750 0.530859 0.525000 0.530859 0.526250 0.529297 0.528750 0.529297 0.530000 0.526953 0.533750 0.526953 0.535000 0.526172 0.536250 0.526172 0.537500 0.524609 0.540000 0.524609 0.541250
0 0.475781 0.540625 0.471094 0.540625 0.470313 0.539375 0.469531 0.539375 0.468750 0.538125 0.467969 0.538125 0.464062 0.531875 0.463281 0.531875 0.462109 0.530000 0.462109 0.528750 0.461328 0.527500 0.461328 0.523750 0.460547 0.522500 0.460547 0.515000 0.461328 0.513750 0.461328 0.512500 0.462109 0.511250 0.462109 0.510000 0.462891 0.508750 0.462891 0.507500 0.464062 0.505625 0.464844 0.505625 0.467969 0.500625 0.468750 0.500625 0.469531 0.499375 0.472656 0.499375 0.473438 0.498125 0.474219 0.498125 0.474609 0.497500 0.474609 0.496250 0.475000 0.495625 0.475781 0.496875 0.478906 0.496875 0.479687 0.498125 0.480469 0.498125 0.481250 0.499375 0.482031 0.499375 0.483984 0.502500 0.483984 0.503750 0.485547 0.506250 0.485547 0.507500 0.486328 0.508750 0.486328 0.510000 0.487109 0.511250 0.487109 0.522500 0.486328 0.523750 0.486328 0.525000 0.485547 0.526250 0.485547 0.528750 0.484766 0.530000 0.484766 0.531250 0.483984 0.532500 0.483984 0.533750 0.483594 0.534375 0.482812 0.534375 0.480469 0.538125 0.479687 0.538125 0.478906 0.539375 0.476562 0.539375
0 0.467187 0.636875 0.463281 0.636875 0.462500 0.635625 0.458594 0.635625 0.457813 0.634375 0.455469 0.634375 0.452344 0.629375 0.451562 0.629375 0.450781 0.626875 0.450000 0.626875 0.448047 0.623750 0.447266 0.620000 0.446484 0.618750 0.446484 0.616250 0.445703 0.615000 0.445703 0.610000 0.444922 0.608750 0.444922 0.601250 0.445703 0.600000 0.445703 0.595000 0.446484 0.593750 0.446484 0.591250 0.447266 0.590000 0.447266 0.588750 0.448828 0.586250 0.448828 0.585000 0.451172 0.581250 0.451172 0.580000 0.453516 0.576250 0.453516 0.575000 0.458594 0.566875 0.459375 0.566875 0.463281 0.561875 0.467187 0.559375 0.469531 0.555625 0.471875 0.554375 0.473438 0.551875 0.474219 0.551875 0.478125 0.546875 0.478906 0.546875 0.482812 0.543125 0.484375 0.543125 0.486719 0.540625 0.489063 0.540625 0.489844 0.539375 0.491406 0.539375 0.493750 0.536875 0.502344 0.536875 0.503906 0.539375 0.505469 0.539375 0.506250 0.540625 0.507031 0.540625 0.508594 0.543125 0.510938 0.544375 0.512500 0.546875 0.513281 0.546875 0.514062 0.548125 0.515625 0.548125 0.519141 0.553750 0.518359 0.555000 0.518359 0.557500 0.516797 0.560000 0.516797 0.562500 0.516016 0.563750 0.516016 0.568750 0.506755 0.567669 0.503818 0.575345 0.507538 0.580827 0.509398 0.587249 0.510573 0.590226 0.511454 0.593045 0.512531 0.594142 0.514453 0.593750 0.514453 0.595000 0.507031 0.606875 0.506250 0.606875 0.500781 0.614375 0.500000 0.614375 0.498437 0.616875 0.496094 0.618125 0.494531 0.620625 0.492188 0.621875 0.490625 0.624375 0.489844 0.624375 0.487500 0.626875 0.485938 0.626875 0.482031 0.630625 0.480469 0.630625 0.479687 0.631875 0.478125 0.631875 0.477344 0.633125 0.475781 0.633125 0.475000 0.634375 0.472656 0.634375 0.471875 0.635625 0.467969 0.635625
0 0.506250 0.378125 0.503906 0.374375 0.502344 0.374375 0.501953 0.373750 0.501953 0.370000 0.498828 0.365000 0.498828 0.363750 0.498047 0.362500 0.498047 0.361250 0.496484 0.358750 0.496484 0.357500 0.494141 0.353750 0.494141 0.350000 0.493359 0.348750 0.493359 0.342500 0.492578 0.341250 0.492578 0.340000 0.491797 0.338750 0.491797 0.337500 0.491016 0.336250 0.491016 0.331250 0.491797 0.330000 0.491797 0.328750 0.492578 0.327500 0.492578 0.326250 0.496094 0.320625 0.496875 0.320625 0.499219 0.316875 0.500000 0.316875 0.502344 0.313125 0.503906 0.313125 0.504687 0.311875 0.507031 0.311875 0.507812 0.310625 0.521875 0.310625 0.522656 0.311875 0.524219 0.311875 0.525000 0.313125 0.525781 0.313125 0.526563 0.314375 0.527344 0.314375 0.528125 0.315625 0.528906 0.315625 0.533984 0.323750 0.533984 0.325000 0.534766 0.326250 0.534766 0.327500 0.537109 0.331250 0.537109 0.335000 0.537891 0.336250 0.537891 0.343750 0.537109 0.345000 0.537109 0.346250 0.536719 0.346875 0.535156 0.346875 0.534375 0.348125 0.533594 0.348125 0.532813 0.349375 0.532031 0.349375 0.531250 0.350625 0.529687 0.350625 0.528906 0.351875 0.528125 0.351875 0.527344 0.353125 0.526563 0.353125 0.525000 0.355625 0.524219 0.355625 0.523438 0.356875 0.522656 0.356875 0.521094 0.359375 0.520312 0.359375 0.518750 0.361875 0.517969 0.361875 0.516406 0.364375 0.514844 0.364375 0.514062 0.365625 0.513281 0.365625 0.512891 0.366250 0.512891 0.370000 0.511328 0.372500 0.511328 0.373750 0.510156 0.375625 0.509375 0.375625 0.508594 0.376875 0.507031 0.376875
0 0.442077 0.384155 0.451543 0.364263 0.462703 0.358386 0.472875 0.355674 0.477679 0.356352 0.483471 0.357482 0.494632 0.365845 0.497175 0.368558 0.500565 0.376695 0.500989 0.384155 0.500141 0.395909 0.498587 0.405176 0.496186 0.417382 0.493219 0.429363 0.488698 0.439308 0.483330 0.445637 0.473723 0.449028 0.461997 0.451062 0.456911 0.445185 0.452390 0.437500 0.449424 0.426650 0.448435 0.421451 0.447022 0.414670 0.444903 0.408115 0.443490 0.402238 0.442501 0.397491
0 0.439534 0.417382 0.443490 0.422807 0.446174 0.426198 0.448858 0.435014 0.451401 0.440439 0.454933 0.447446 0.458183 0.449706 0.464823 0.453097 0.483188 0.446768 0.486155 0.444055 0.489546 0.437726 0.492371 0.429815 0.494066 0.423259 0.495762 0.416930 0.497740 0.410827 0.499011 0.406985 0.499859 0.405628 0.501554 0.405628 0.501271 0.407663 0.501271 0.411731 0.501695 0.417382 0.501978 0.423033 0.502543 0.431623 0.502825 0.437274 0.503673 0.448124 0.504097 0.452871 0.502119 0.458522 0.496186 0.466433 0.491947 0.472084 0.485025 0.477961 0.480504 0.481578 0.469908 0.482934 0.464399 0.482482 0.454509 0.477057 0.449141 0.471858 0.443208 0.465755 0.441088 0.458748 0.438404 0.451741 0.437133 0.436822 0.436568 0.428684 0.437133 0.420773
0 0.576451 0.266161 0.567522 0.270625 0.553795 0.287054 0.549107 0.310089 0.549554 0.322232 0.552567 0.335625 0.555134 0.343839 0.568415 0.351339 0.575558 0.352589 0.584821 0.349196 0.592857 0.343482 0.597879 0.331161 0.600112 0.323304 0.601339 0.316696 0.600893 0.309554 0.599888 0.298125 0.599219 0.294554 0.596875 0.291161 0.594866 0.287054 0.592857 0.285089 0.589509 0.287232 0.586161 0.283304 0.585938 0.280446 0.586830 0.279196 0.584710 0.275625 0.584040 0.272768 0.583705 0.271161 0.583817 0.270268 0.582924 0.269196 0.580246 0.267232 0.577567 0.266161
0 0.533614 0.525266 0.537123 0.533836 0.537862 0.540928 0.541371 0.543292 0.540632 0.547429 0.539524 0.554521 0.538231 0.560136 0.542664 0.559840 0.544511 0.561613 0.544880 0.568115 0.544511 0.571956 0.543587 0.575207 0.548020 0.581117 0.549498 0.584959 0.550790 0.588209 0.555592 0.590573 0.563165 0.591755 0.568152 0.590278 0.575539 0.586436 0.587175 0.570479 0.594193 0.549793 0.594932 0.521720 0.592346 0.510195 0.587914 0.501034 0.583666 0.495715 0.580341 0.490987 0.575724 0.487441 0.572215 0.485963 0.567967 0.484781 0.562241 0.485077 0.558732 0.486554 0.555408 0.487441 0.552637 0.488918 0.550052 0.490691 0.547466 0.493056 0.544511 0.497193 0.542479 0.500443 0.540078 0.503398 0.538047 0.507535 0.536384 0.511082 0.534907 0.516992 0.533983 0.520833
0 0.521794 0.601507 0.526780 0.605940 0.531028 0.607417 0.535092 0.609190 0.536384 0.611850 0.538047 0.615987 0.543218 0.619533 0.545434 0.622488 0.552822 0.626921 0.553376 0.624557 0.547835 0.619533 0.553561 0.619533 0.554669 0.616283 0.557070 0.614509 0.557993 0.611554 0.558548 0.607417 0.557439 0.605053 0.554484 0.604167 0.550421 0.603871 0.548020 0.603576 0.547466 0.597665 0.549128 0.592346 0.551714 0.591460 0.555962 0.591460 0.561318 0.592642 0.570368 0.591164 0.574616 0.589096 0.571107 0.595597 0.569260 0.599734 0.567043 0.602689 0.564642 0.609190 0.562796 0.612441 0.560949 0.615987 0.559286 0.620124 0.557070 0.624557 0.555408 0.628103 0.554669 0.629580 0.552637 0.632535 0.548020 0.635786 0.545250 0.637855 0.544142 0.638150 0.541556 0.639037 0.538601 0.639332 0.532321 0.637559 0.528258 0.632240 0.524010 0.627216 0.521794 0.623375 0.520132 0.613327 0.520316 0.608599
