0 0.451779 0.494689 0.447638 0.496564 0.445138 0.496064 0.442169 0.493314 0.440998 0.490314 0.439201 0.488814 0.438419 0.488814 0.434123 0.480689 0.434123 0.479439 0.432169 0.476314 0.430998 0.475689 0.429435 0.470689 0.427091 0.466939 0.427091 0.464439 0.423966 0.456939 0.423966 0.453189 0.422404 0.448189 0.422404 0.445689 0.421623 0.444439 0.421623 0.440689 0.420841 0.439439 0.420841 0.435689 0.420060 0.434439 0.420060 0.399439 0.420841 0.398189 0.420841 0.394439 0.422404 0.390689 0.423185 0.384439 0.424748 0.381939 0.425529 0.378189 0.427091 0.375689 0.428654 0.370689 0.435294 0.360064 0.438419 0.357564 0.443888 0.357564 0.444669 0.356314 0.447013 0.356314 0.447794 0.355064 0.458732 0.355064 0.459513 0.356314 0.464201 0.356314 0.464982 0.357564 0.466544 0.357564 0.467326 0.358814 0.468888 0.358814 0.469669 0.360064 0.471232 0.360064 0.472794 0.361314 0.474357 0.363814 0.475138 0.363814 0.480607 0.372564 0.481388 0.372564 0.486466 0.381939 0.488029 0.386939 0.489591 0.389439 0.492716 0.399439 0.492716 0.401939 0.494279 0.405689 0.494279 0.408189 0.495060 0.409439 0.495060 0.414439 0.495841 0.415689 0.495841 0.425689 0.496623 0.426939 0.496623 0.439439 0.495841 0.440689 0.495841 0.444439 0.495060 0.445689 0.495060 0.449439 0.494279 0.450689 0.494279 0.455689 0.491935 0.460689 0.491935 0.463189 0.484904 0.475689 0.484904 0.476939 0.479826 0.485064 0.478263 0.485064 0.475451 0.488064 0.470685 0.490564 0.467091 0.489564 0.463654 0.490439 0.462560 0.490314 0.460373 0.490939 0.456779 0.493064 0.454748 0.492564
0 0.539844 0.566875 0.528125 0.566875 0.527344 0.565625 0.525000 0.565625 0.524219 0.564375 0.522656 0.564375 0.520312 0.561875 0.518750 0.561875 0.517969 0.560625 0.517188 0.560625 0.516406 0.559375 0.514062 0.558125 0.511719 0.554375 0.510938 0.554375 0.503516 0.542500 0.503516 0.541250 0.501172 0.537500 0.501172 0.535000 0.500391 0.533750 0.500391 0.531250 0.499609 0.530000 0.499609 0.520000 0.498828 0.518750 0.498828 0.507500 0.499609 0.506250 0.499609 0.501250 0.500391 0.500000 0.500391 0.496250 0.501172 0.495000 0.501953 0.491250 0.503516 0.488750 0.503516 0.487500 0.505859 0.483750 0.505859 0.482500 0.507812 0.479375 0.508594 0.479375 0.510938 0.475625 0.511719 0.475625 0.512500 0.474375 0.514062 0.474375 0.515625 0.471875 0.516406 0.471875 0.517188 0.470625 0.518750 0.470625 0.519531 0.469375 0.521094 0.469375 0.521875 0.468125 0.525000 0.468125 0.525781 0.466875 0.535156 0.466875 0.535937 0.468125 0.539844 0.468125 0.540625 0.469375 0.542188 0.469375 0.542969 0.470625 0.544531 0.470625 0.545312 0.471875 0.546875 0.471875 0.548438 0.474375 0.549219 0.474375 0.550000 0.475625 0.550781 0.475625 0.552344 0.478125 0.553125 0.478125 0.555469 0.481875 0.556250 0.481875 0.557422 0.483750 0.560547 0.490000 0.560547 0.491250 0.561328 0.492500 0.561328 0.493750 0.562891 0.497500 0.562891 0.500000 0.563672 0.501250 0.563672 0.505000 0.564453 0.506250 0.564453 0.520000 0.565234 0.521250 0.565234 0.522500 0.564453 0.523750 0.564453 0.531250 0.563672 0.532500 0.563672 0.536250 0.561328 0.540000 0.561328 0.541250 0.558984 0.545000 0.558984 0.546250 0.556641 0.550000 0.556641 0.551250 0.552344 0.558125 0.551562 0.558125 0.550000 0.560625 0.549219 0.560625 0.548438 0.561875 0.547656 0.561875 0.546875 0.563125 0.546094 0.563125 0.543750 0.565625 0.540625 0.565625
0 0.543750 0.440625 0.532813 0.440625 0.532031 0.439375 0.528906 0.439375 0.528125 0.438125 0.526563 0.438125 0.511719 0.425625 0.510156 0.425625 0.508594 0.423125 0.506250 0.421875 0.503125 0.418125 0.499219 0.418125 0.498047 0.416250 0.497266 0.412500 0.496484 0.411250 0.496484 0.407500 0.494922 0.405000 0.494922 0.402500 0.492578 0.396250 0.492578 0.393750 0.491797 0.392500 0.490234 0.386250 0.486328 0.380000 0.485547 0.376250 0.484375 0.374375 0.483594 0.374375 0.481641 0.371250 0.481641 0.370000 0.477734 0.365000 0.477734 0.358750 0.478516 0.357500 0.478516 0.350000 0.479687 0.349375 0.480859 0.347500 0.480859 0.346250 0.482812 0.343125 0.483594 0.343125 0.487500 0.336875 0.490625 0.336875 0.494531 0.333125 0.496094 0.333125 0.496875 0.334375 0.505469 0.334375 0.506250 0.335625 0.511719 0.335625 0.512500 0.336875 0.514844 0.336875 0.518750 0.340625 0.522656 0.341875 0.524219 0.344375 0.526563 0.345625 0.528125 0.348125 0.530469 0.349375 0.533594 0.354375 0.534375 0.354375 0.536719 0.358125 0.537500 0.358125 0.543750 0.366875 0.546094 0.368125 0.547266 0.370000 0.547266 0.371250 0.550781 0.376875 0.551953 0.377500 0.551953 0.378750 0.555859 0.385000 0.555859 0.386250 0.558203 0.391250 0.558203 0.395000 0.558984 0.396250 0.558984 0.402500 0.559766 0.403750 0.559766 0.413750 0.558984 0.415000 0.558203 0.421250 0.556641 0.423750 0.555859 0.427500 0.550000 0.436875 0.549219 0.436875 0.548438 0.438125 0.546875 0.438125 0.546094 0.439375 0.544531 0.439375
0 0.557813 0.434375 0.555469 0.434375 0.554297 0.432500 0.556641 0.427500 0.556641 0.426250 0.558203 0.423750 0.558203 0.422500 0.559766 0.421250 0.559766 0.416250 0.561328 0.412500 0.561328 0.411250 0.560547 0.410000 0.560547 0.407500 0.561328 0.406250 0.561328 0.403750 0.560547 0.402500 0.560547 0.396250 0.559766 0.395000 0.558984 0.391250 0.557813 0.389375 0.556641 0.388750 0.556641 0.386250 0.555859 0.385000 0.555078 0.381250 0.550781 0.374375 0.550000 0.374375 0.548828 0.372500 0.548828 0.371250 0.546094 0.366875 0.545312 0.366875 0.543750 0.364375 0.542969 0.364375 0.534375 0.351875 0.533594 0.351875 0.530859 0.346250 0.531562 0.334625 0.533438 0.334500 0.541797 0.339000 0.543438 0.335750 0.534844 0.329000 0.541172 0.325500 0.540937 0.322125 0.533594 0.326375 0.532422 0.325000 0.535547 0.320000 0.535547 0.318750 0.537109 0.316250 0.537109 0.315000 0.539844 0.313125 0.541406 0.310625 0.542188 0.310625 0.544531 0.306875 0.545312 0.306875 0.546094 0.305625 0.547656 0.305625 0.548438 0.304375 0.557031 0.304375 0.557813 0.305625 0.560937 0.305625 0.561719 0.306875 0.562500 0.306875 0.569141 0.317500 0.569141 0.318750 0.572266 0.327500 0.572266 0.330000 0.573047 0.331250 0.573047 0.337500 0.573828 0.338750 0.573828 0.352500 0.574609 0.353750 0.573828 0.355000 0.573828 0.358750 0.574609 0.360000 0.574609 0.371250 0.573828 0.372500 0.573828 0.383750 0.573047 0.385000 0.573047 0.393750 0.572266 0.395000 0.572266 0.397500 0.571484 0.398750 0.571484 0.402500 0.570703 0.403750 0.570703 0.408750 0.569922 0.410000 0.569922 0.412500 0.569141 0.413750 0.569141 0.415000 0.566797 0.418750 0.566797 0.420000 0.565234 0.422500 0.565234 0.423750 0.559375 0.433125 0.558594 0.433125
0 0.485781 0.313750 0.491094 0.306250 0.498906 0.301375 0.505156 0.299500 0.513828 0.300000 0.518203 0.301750 0.522344 0.304375 0.525312 0.309000 0.529219 0.315250 0.531875 0.321125 0.530859 0.323500 0.527578 0.321250 0.523672 0.319125 0.521719 0.321000 0.523672 0.327000 0.526328 0.329500 0.529141 0.331875 0.530234 0.334500 0.530313 0.339750 0.529453 0.345750 0.528047 0.345500 0.526250 0.344500 0.523281 0.343000 0.520703 0.341250 0.517031 0.338625 0.514219 0.336125 0.511172 0.335375 0.508516 0.334875 0.503906 0.333625 0.500000 0.332375 0.496016 0.331250 0.493750 0.331000 0.491875 0.322625 0.488672 0.316750 0.488672 0.316750
0 0.488828 0.324125 0.489766 0.330750 0.486875 0.333000 0.482188 0.336250 0.480469 0.338000 0.480703 0.331625 0.482734 0.322125 0.483359 0.319375 0.486016 0.319375 0.487422 0.322000
0 0.507031 0.478125 0.506250 0.478125 0.505469 0.476875 0.504687 0.476875 0.503906 0.475625 0.503125 0.475625 0.502344 0.474375 0.501563 0.474375 0.500000 0.471875 0.499219 0.471875 0.494922 0.465000 0.494922 0.458750 0.495703 0.457500 0.495703 0.451250 0.496484 0.450000 0.496484 0.445000 0.497266 0.443750 0.497266 0.431250 0.498047 0.430000 0.498047 0.427500 0.497266 0.426250 0.497266 0.423750 0.498047 0.422500 0.498047 0.416250 0.498437 0.415625 0.500781 0.419375 0.503125 0.419375 0.503906 0.420625 0.504687 0.420625 0.505469 0.421875 0.506250 0.421875 0.507031 0.423125 0.507812 0.423125 0.509375 0.425625 0.510156 0.425625 0.510938 0.426875 0.511719 0.426875 0.512500 0.428125 0.514062 0.428125 0.514844 0.429375 0.515625 0.429375 0.516406 0.430625 0.517188 0.430625 0.517969 0.431875 0.518750 0.431875 0.519531 0.433125 0.520312 0.433125 0.521094 0.434375 0.521875 0.434375 0.522656 0.435625 0.523438 0.435625 0.525000 0.438125 0.525781 0.438125 0.526563 0.439375 0.528125 0.439375 0.528906 0.440625 0.529687 0.440625 0.530469 0.441875 0.533594 0.441875 0.534375 0.443125 0.535937 0.443125 0.536719 0.444375 0.537500 0.444375 0.538281 0.445625 0.539062 0.445625 0.540234 0.447500 0.540234 0.452500 0.539453 0.453750 0.539453 0.457500 0.538672 0.458750 0.538672 0.463750 0.538281 0.464375 0.537500 0.464375 0.536719 0.465625 0.527344 0.465625 0.526563 0.466875 0.523438 0.466875 0.522656 0.468125 0.521094 0.468125 0.520312 0.469375 0.519531 0.469375 0.518750 0.470625 0.517188 0.470625 0.516406 0.471875 0.514844 0.471875 0.514062 0.473125 0.513281 0.473125 0.512500 0.474375 0.511719 0.474375 0.510156 0.476875 0.507812 0.476875
0 0.476953 0.489250 0.482344 0.490875 0.479297 0.495500 0.480078 0.500375 0.480391 0.505125 0.486172 0.505625 0.489844 0.507125 0.489453 0.510875 0.489219 0.515750 0.491172 0.520250 0.490703 0.528250 0.490078 0.532125 0.487969 0.536875 0.481563 0.535375 0.477734 0.536125 0.472969 0.534375 0.472031 0.531125 0.471484 0.523000 0.470938 0.519625 0.468594 0.517250 0.467109 0.524250 0.468125 0.529125 0.469062 0.532750 0.471094 0.536125 0.473047 0.538250 0.474688 0.547625 0.472969 0.553375 0.471016 0.558000 0.468750 0.559875 0.462031 0.559250 0.458125 0.562375 0.455391 0.563000 0.452109 0.562875 0.450313 0.563500 0.449219 0.567000 0.451250 0.570250 0.454609 0.570625 0.458594 0.570875 0.467500 0.573875 0.470078 0.574125 0.474297 0.575625 0.482812 0.572000 0.492188 0.560625 0.497188 0.548750 0.499688 0.538500 0.499297 0.529875 0.497969 0.520375 0.497969 0.508000 0.499531 0.499750 0.499766 0.491500 0.497344 0.485375 0.494844 0.480750 0.492891 0.475875 0.489844 0.473375 0.488906 0.471000 0.486875 0.474250 0.485703 0.477500 0.484141 0.480250 0.481641 0.483375 0.479141 0.486250 0.478203 0.487125
0 0.434063 0.484250 0.431094 0.493500 0.430000 0.506625 0.430313 0.526500 0.433516 0.539750 0.437109 0.550000 0.437188 0.541500 0.434531 0.531750 0.435078 0.522000 0.438828 0.518500 0.442969 0.519625 0.445703 0.517500 0.446719 0.512250 0.446016 0.508750 0.445234 0.501375 0.443438 0.496250 0.441797 0.493500 0.439375 0.489750 0.435000 0.485875
0 0.426015 0.608405 0.430867 0.589400 0.440235 0.578961 0.449353 0.572136 0.453033 0.571199 0.463991 0.573608 0.473192 0.576954 0.476119 0.580969 0.481974 0.591676 0.485822 0.600241 0.487913 0.609208 0.487495 0.622056 0.487328 0.629818 0.484651 0.640792 0.481974 0.649358 0.475617 0.659797 0.470264 0.669700 0.461899 0.671440 0.459725 0.663544 0.454706 0.659127 0.450273 0.651097 0.445087 0.646681 0.444668 0.635840 0.444083 0.602918 0.441824 0.599170 0.440988 0.623260 0.439482 0.629149 0.433125 0.626606 0.428943 0.632361 0.427772 0.637179 0.425346 0.630086 0.424677 0.616702 0.425012 0.612821
0 0.522124 0.630621 0.518109 0.627141 0.515014 0.621922 0.508992 0.619111 0.507068 0.624866 0.505897 0.629015 0.503471 0.630219 0.501129 0.632093 0.499122 0.636777 0.500627 0.644004 0.499707 0.649358 0.504391 0.653373 0.508741 0.652302 0.508406 0.657521 0.509912 0.662607 0.515014 0.666756 0.509494 0.670102 0.503471 0.668630 0.498871 0.664615 0.494270 0.658191 0.490506 0.648956 0.488248 0.637982 0.487411 0.630889 0.488081 0.619245 0.489837 0.611349 0.493434 0.602650 0.498369 0.595557 0.503722 0.590203 0.510665 0.588464 0.517440 0.590471 0.523463 0.595423 0.529318 0.599839 0.532413 0.606799 0.535508 0.616167 0.537431 0.628078 0.537264 0.635171 0.534587 0.624732 0.529736 0.620851 0.524550 0.621119 0.521706 0.624866
0 0.529903 0.567853 0.524968 0.576151 0.521706 0.586590 0.520368 0.590873 0.523044 0.594085 0.526976 0.596494 0.530656 0.601178 0.532831 0.606130 0.534420 0.611349 0.535758 0.618308 0.537348 0.627275 0.537682 0.632896 0.537682 0.635171 0.540945 0.635573 0.544207 0.636108 0.542116 0.638517 0.540526 0.641595 0.542116 0.641595 0.546381 0.639186 0.554830 0.627409 0.560518 0.616435 0.567293 0.601847 0.569551 0.595423 0.572312 0.583646 0.573315 0.562099 0.572479 0.552329 0.570137 0.544834 0.566540 0.542559 0.563612 0.540418 0.561187 0.542827 0.559765 0.546708 0.557925 0.551124 0.554077 0.557013 0.550564 0.561563 0.544625 0.564507 0.538519 0.566381 0.533751 0.567050
