0 0.350529 0.439236 0.352513 0.446181 0.352513 0.453125 0.353836 0.458085 0.353505 0.466766 0.354828 0.469990 0.353836 0.474950 0.351190 0.477183 0.349537 0.481399 0.350198 0.484375 0.352513 0.486359 0.351852 0.490079 0.357474 0.492312 0.361111 0.496032 0.366071 0.496776 0.376323 0.495536 0.384590 0.495536 0.390212 0.494048 0.403439 0.487599 0.406415 0.485119 0.408069 0.481647 0.412037 0.478175 0.414352 0.474454 0.415675 0.469990 0.413690 0.462302 0.411706 0.460565 0.408069 0.460317 0.404101 0.456597 0.400794 0.455109 0.388228 0.452629 0.379960 0.447173 0.376323 0.439484 0.376984 0.434524 0.378307 0.431548 0.380622 0.429563 0.392857 0.427579 0.391865 0.427579 0.390873 0.425595 0.391534 0.419891 0.382937 0.417163 0.380952 0.415675 0.367725 0.413194 0.359788 0.413194 0.358135 0.414931 0.359127 0.419643 0.358466 0.426339 0.361772 0.431796 0.359458 0.435764
0 0.523148 0.384673 0.522817 0.388641 0.529762 0.391865 0.535053 0.399058 0.537037 0.404018 0.536706 0.407490 0.534722 0.409970 0.529101 0.410218 0.530093 0.410714 0.529101 0.411565 0.529101 0.419643 0.533730 0.421379 0.540013 0.428323 0.548942 0.435268 0.552249 0.439732 0.561508 0.443700 0.568452 0.444196 0.576058 0.445933 0.582011 0.444196 0.587632 0.440476 0.592262 0.439732 0.589616 0.436508 0.590608 0.411210 0.591270 0.409722 0.595569 0.411458 0.596892 0.407738 0.594907 0.405258 0.593915 0.399058 0.589616 0.392609 0.588624 0.388393 0.585648 0.387401 0.582341 0.384673 0.576389 0.383433 0.564484 0.378224 0.557209 0.372768 0.553241 0.373760 0.545966 0.374008 0.537037 0.373016 0.530423 0.377232 0.528439 0.380952
0 0.437831 0.439484 0.435185 0.444940 0.433201 0.455109 0.429233 0.459077 0.422619 0.462798 0.422619 0.466766 0.425926 0.470486 0.434854 0.486855 0.441468 0.487847 0.454034 0.484871 0.454034 0.470734 0.455688 0.467014 0.455357 0.459325 0.454696 0.456597 0.451058 0.455357 0.445437 0.451389 0.440807 0.438988 0.439153 0.437996
0 0.460648 0.473958 0.461971 0.485367 0.467923 0.493800 0.462632 0.495040 0.459656 0.497768 0.460648 0.500992 0.459987 0.517361 0.460979 0.519345 0.463624 0.520585 0.466601 0.520089 0.471561 0.516865 0.473545 0.513641 0.478836 0.508681 0.488095 0.505456 0.493056 0.501736 0.489749 0.495288 0.482804 0.490079 0.483466 0.485863 0.487765 0.479167 0.490741 0.476935 0.491402 0.471478 0.490079 0.468750 0.482143 0.468750 0.470899 0.471726 0.463294 0.470982 0.461971 0.471478
0 0.424272 0.465526 0.423942 0.466766 0.433201 0.479663 0.435516 0.486111 0.442791 0.484871 0.451058 0.484623 0.452712 0.483383 0.452712 0.474206 0.454696 0.466766 0.452712 0.457837 0.449735 0.454613 0.444444 0.452381 0.442791 0.449653 0.438161 0.449653 0.439484 0.447669 0.433532 0.455109 0.431878 0.459325 0.425926 0.462798
0 0.632937 0.469742 0.633929 0.482639 0.632275 0.488343 0.632606 0.494048 0.639220 0.498016 0.650132 0.502728 0.655093 0.503472 0.660053 0.505704 0.666336 0.507192 0.667989 0.505704 0.668981 0.501984 0.670304 0.491319 0.667989 0.469742 0.666997 0.467758 0.659061 0.461558 0.654101 0.452877 0.651455 0.450893 0.651455 0.449157 0.649802 0.447173 0.651124 0.445933 0.651124 0.443204 0.650132 0.442212 0.645833 0.442956 0.642526 0.445437 0.641534 0.450893 0.638558 0.455109 0.637897 0.460813
0 0.620701 0.509425 0.620701 0.510665 0.627976 0.516865 0.627976 0.520337 0.625661 0.525794 0.628307 0.531250 0.632606 0.534474 0.638228 0.536458 0.642196 0.536706 0.646495 0.538194 0.651124 0.537450 0.655423 0.532490 0.660053 0.529266 0.660053 0.525298 0.658069 0.523810 0.641865 0.518105 0.631614 0.511657 0.626323 0.511657 0.623347 0.509177
0 0.467593 0.522073 0.467593 0.526538 0.476190 0.533234 0.478836 0.534226 0.480159 0.533234 0.481151 0.526042 0.480159 0.518849 0.477513 0.517361 0.476852 0.515625 0.474537 0.515129 0.472553 0.518105
0 0.141865 0.729663 0.141865 0.736855 0.143519 0.744544 0.140873 0.751488 0.140873 0.755952 0.144511 0.764385 0.147487 0.767609 0.150463 0.774058 0.154431 0.777034 0.156415 0.780258 0.162698 0.783234 0.164352 0.788194 0.171627 0.795883 0.173611 0.796875 0.177579 0.797619 0.190476 0.796875 0.205357 0.798115 0.213624 0.800347 0.220238 0.806548 0.227513 0.804812 0.243056 0.804067 0.259590 0.808036 0.262566 0.806796 0.267857 0.801835 0.275132 0.800347 0.279431 0.800843 0.289352 0.789683 0.298942 0.782242 0.302579 0.781746 0.309854 0.777530 0.312169 0.775794 0.312831 0.772569 0.314484 0.771329 0.314484 0.767361 0.311839 0.770833 0.306217 0.769841 0.301257 0.767361 0.300595 0.758681 0.302249 0.751736 0.306548 0.748512 0.310185 0.749008 0.310847 0.748264 0.310516 0.747272 0.305886 0.747024 0.303241 0.740575 0.302910 0.735863 0.306217 0.732143 0.305556 0.730655 0.303241 0.729167 0.294643 0.729415 0.291005 0.727183 0.279762 0.726935 0.270833 0.728175 0.268849 0.726190 0.264881 0.725198 0.259590 0.720982 0.254960 0.719990 0.256614 0.719122 0.256944 0.716766 0.251984 0.713046 0.248016 0.715278 0.243717 0.714534 0.241402 0.716518 0.240079 0.720238 0.240741 0.727803 0.239087 0.727679 0.237103 0.725942 0.232143 0.725694 0.229167 0.727431 0.228836 0.728671 0.227844 0.728423 0.232474 0.730655 0.239749 0.730655 0.239087 0.732143 0.243386 0.735615 0.240410 0.742063 0.237103 0.744296 0.230820 0.744792 0.228175 0.745784 0.224537 0.751736 0.222553 0.753224 0.218254 0.754216 0.216601 0.756448 0.212963 0.756200 0.212632 0.757937 0.210317 0.760169 0.210317 0.763393 0.208664 0.764633 0.201058 0.767113 0.193452 0.764633 0.187831 0.758185 0.183201 0.755704 0.179563 0.747272 0.177249 0.745040 0.176587 0.741071 0.177910 0.736855 0.181548 0.735615 0.185185 0.736111 0.188823 0.720486 0.192130 0.719494 0.193783 0.717262 0.191799 0.701141 0.185847 0.696429 0.181548 0.696677 0.173611 0.693452 0.169312 0.687996 0.166005 0.686012 0.155423 0.696925 0.154431 0.701389 0.152116 0.703373 0.150463 0.708829 0.147817 0.712798 0.148148 0.716518 0.145503 0.719742
0 0.922950 0.203373 0.922950 0.206101 0.934854 0.210317 0.938823 0.214534 0.942460 0.216766 0.943452 0.219742 0.947090 0.222222 0.953042 0.222718 0.961971 0.227927 0.966601 0.227183 0.971892 0.222966 0.974537 0.221974 0.978175 0.217014 0.981151 0.209077 0.980489 0.201389 0.977844 0.198661 0.971561 0.196181 0.966601 0.196181 0.962632 0.193948 0.954696 0.193452 0.951389 0.191964 0.943452 0.192212 0.936839 0.193452 0.931548 0.197669 0.927579 0.198165
0 0.016204 0.209573 0.015542 0.213046 0.017526 0.222966 0.017196 0.229167 0.024140 0.247024 0.032077 0.259673 0.038690 0.266369 0.041005 0.270089 0.048280 0.276538 0.052579 0.279018 0.058532 0.280010 0.064484 0.276290 0.075728 0.279762 0.080357 0.282986 0.079365 0.287698 0.080026 0.290427 0.081349 0.290427 0.083003 0.286458 0.091931 0.288194 0.095569 0.283234 0.097222 0.284722 0.103175 0.285962 0.107804 0.284970 0.112434 0.279018 0.108796 0.273810 0.105820 0.272073 0.104828 0.269841 0.102513 0.268353 0.107143 0.266121 0.115079 0.266617 0.119048 0.264633 0.126323 0.267609 0.126984 0.271329 0.126984 0.270585 0.130622 0.270585 0.135582 0.273313 0.152116 0.274802 0.157738 0.273313 0.158730 0.267361 0.162037 0.264385 0.165344 0.262897 0.167989 0.259425 0.169643 0.258681 0.173942 0.259177 0.174934 0.255456 0.179563 0.251488 0.184524 0.250248 0.186508 0.250744 0.189153 0.259177 0.193452 0.251736 0.195106 0.246032 0.196759 0.230407 0.200728 0.228175 0.204365 0.227679 0.205026 0.226438 0.209325 0.200645 0.205357 0.194940 0.197090 0.189980 0.191468 0.184772 0.185185 0.181548 0.186177 0.177579 0.184193 0.173611 0.178902 0.168651 0.161706 0.159970 0.149802 0.155506 0.134921 0.152530 0.130952 0.150050 0.127976 0.149306 0.094907 0.147321 0.076720 0.150298 0.072090 0.152282 0.064484 0.153026 0.060185 0.156746 0.056548 0.157242 0.048942 0.160714 0.044643 0.164435 0.040675 0.165675 0.039021 0.168651 0.030754 0.176587 0.025132 0.184772 0.019511 0.196677
0 0.017196 0.204117 0.016534 0.217510 0.017526 0.229663 0.021164 0.239831 0.023148 0.242063 0.025132 0.249256 0.029101 0.251984 0.032407 0.259177 0.036376 0.264385 0.039021 0.266121 0.041336 0.271081 0.047288 0.274802 0.051587 0.279266 0.060516 0.281250 0.060847 0.279266 0.064484 0.276538 0.068452 0.279762 0.072421 0.280754 0.074074 0.286954 0.072090 0.289931 0.069444 0.288442 0.067460 0.288690 0.066799 0.290923 0.068122 0.292163 0.072421 0.291171 0.076058 0.293651 0.080026 0.293403 0.084325 0.295635 0.085979 0.294891 0.087632 0.292163 0.090278 0.293403 0.093254 0.292163 0.095569 0.285466 0.098876 0.286706 0.103505 0.286210 0.107143 0.289435 0.111111 0.287202 0.115079 0.291667 0.118717 0.286954 0.123016 0.288442 0.125992 0.287202 0.126984 0.285714 0.127315 0.286954 0.130622 0.288938 0.130952 0.284474 0.127976 0.283234 0.132937 0.281002 0.136243 0.281994 0.136243 0.283234 0.142526 0.284226 0.143849 0.283234 0.143519 0.281250 0.139220 0.279266 0.141865 0.277530 0.146164 0.278770 0.146825 0.277282 0.150132 0.275298 0.159722 0.277282 0.170635 0.276042 0.173611 0.277530 0.177579 0.277778 0.178902 0.279266 0.173280 0.279514 0.171296 0.281002 0.169974 0.287202 0.164683 0.291419 0.162698 0.296131 0.163029 0.305308 0.169643 0.310764 0.177579 0.310020 0.181548 0.308036 0.185185 0.307540 0.188492 0.303571 0.193122 0.301091 0.194114 0.298611 0.201058 0.293899 0.202712 0.290427 0.203373 0.278770 0.204696 0.276538 0.207011 0.275298 0.206680 0.267361 0.216601 0.258929 0.224206 0.262401 0.228175 0.261409 0.229497 0.259673 0.229828 0.255456 0.228175 0.247520 0.230820 0.233879 0.228836 0.224454 0.224537 0.216270 0.220569 0.212550 0.219246 0.216518 0.216601 0.218998 0.213624 0.217014 0.214616 0.204613 0.200066 0.189980 0.188823 0.183532 0.185185 0.173859 0.180886 0.171379 0.177579 0.167163 0.173942 0.166419 0.154431 0.156746 0.138889 0.153522 0.134590 0.154018 0.130952 0.150050 0.111111 0.149306 0.107804 0.148313 0.096561 0.149058 0.091601 0.148562 0.082672 0.150298 0.080026 0.152034 0.076058 0.151042 0.072090 0.153770 0.054233 0.158234 0.048280 0.161954 0.046627 0.164683 0.042989 0.165923 0.040013 0.169395 0.037368 0.170387 0.032738 0.174107 0.028770 0.181548 0.028108 0.185020 0.025132 0.186508 0.023148 0.189236 0.022817 0.192708
0 0.092923 0.329365 0.092262 0.329861 0.095238 0.330605 0.095899 0.328621 0.097222 0.328621 0.097388 0.330605 0.106812 0.332093 0.110450 0.333829 0.118386 0.335565 0.123016 0.335565 0.126653 0.337054 0.134921 0.336310 0.145833 0.338046 0.151124 0.338046 0.157407 0.336558 0.159392 0.334077 0.158399 0.329365 0.154762 0.323165 0.155093 0.317956 0.154101 0.315972 0.138558 0.308532 0.126653 0.308532 0.118717 0.314236 0.115410 0.319692 0.110780 0.323165 0.108466 0.327133 0.100198 0.328869 0.095569 0.328373
