0 0.444444 0.317956 0.446759 0.322173 0.444444 0.324157 0.444114 0.327629 0.448413 0.333085 0.445437 0.339534 0.445437 0.345734 0.447090 0.348710 0.451058 0.349206 0.458995 0.346726 0.462632 0.346478 0.470238 0.343254 0.475529 0.343502 0.479497 0.341270 0.485119 0.340030 0.492063 0.335317 0.499339 0.331845 0.501984 0.329365 0.506283 0.329117 0.510251 0.327381 0.511243 0.325397 0.506944 0.318452 0.507275 0.316716 0.510251 0.313988 0.517196 0.312252 0.521825 0.312252 0.523810 0.310764 0.524802 0.298611 0.521495 0.296131 0.510251 0.294395 0.495701 0.294891 0.474868 0.297867 0.461640 0.301587 0.459987 0.302827 0.458995 0.305556 0.454696 0.308532 0.452050 0.312996 0.446429 0.314236
0 0.390873 0.120040 0.390873 0.131448 0.392196 0.133929 0.395172 0.134673 0.392526 0.136409 0.392196 0.138641 0.395503 0.140873 0.395503 0.155010 0.396495 0.156498 0.404101 0.157242 0.408730 0.156746 0.412037 0.159474 0.413360 0.158234 0.409722 0.156002 0.409392 0.153770 0.404762 0.148313 0.404101 0.141617 0.398148 0.138641 0.398479 0.136409 0.400132 0.134921 0.408069 0.136409 0.414683 0.133433 0.419974 0.132688 0.431217 0.134921 0.442460 0.135913 0.452712 0.144841 0.455026 0.150298 0.458995 0.154514 0.461640 0.153770 0.463294 0.151538 0.463955 0.144841 0.462302 0.142609 0.462963 0.141617 0.471230 0.140873 0.482474 0.142361 0.480489 0.134673 0.475529 0.131448 0.461971 0.125248 0.458664 0.124752 0.443122 0.118552 0.435185 0.116567 0.403439 0.113591 0.398479 0.115079 0.396164 0.117312 0.392526 0.117560
0 0.519841 0.193204 0.518519 0.196925 0.518519 0.208829 0.513889 0.213790 0.509590 0.214782 0.505291 0.217014 0.494048 0.218750 0.489418 0.220486 0.491071 0.224950 0.498677 0.232391 0.505291 0.237351 0.508929 0.238095 0.513558 0.237847 0.515873 0.233383 0.517196 0.232391 0.521164 0.231895 0.529101 0.224950 0.530754 0.220982 0.530423 0.212550 0.532077 0.208829 0.541005 0.202381 0.542989 0.199157 0.546296 0.197173 0.542989 0.194940 0.539352 0.188492 0.537037 0.187004 0.533399 0.186260 0.527116 0.188740
0 0.462632 0.233631 0.461640 0.240079 0.464947 0.241815 0.467593 0.248016 0.470238 0.249504 0.474868 0.248016 0.476852 0.246280 0.482143 0.245040 0.483466 0.244048 0.484788 0.239335 0.488095 0.236359 0.484127 0.231895 0.482143 0.227183 0.478175 0.227183 0.470569 0.225198 0.466270 0.228423 0.464947 0.232391
0 0.483479 0.142660 0.490805 0.145945 0.499209 0.146753 0.508475 0.151118 0.514077 0.156453 0.516447 0.161141 0.514077 0.165829 0.508905 0.169062 0.505458 0.173426 0.505242 0.179731 0.501579 0.181509 0.496408 0.183287 0.493822 0.188622 0.495330 0.193956 0.495115 0.199291 0.489512 0.202362 0.485849 0.204625 0.479600 0.206727 0.475506 0.201716 0.478738 0.199129 0.478954 0.195573 0.474213 0.195411 0.473998 0.192663 0.477015 0.188945 0.481109 0.184904 0.483694 0.179893 0.488435 0.176659 0.489297 0.172780 0.488004 0.166637 0.490159 0.160979 0.492529 0.154836 0.489081 0.148855
0 0.560407 0.304271 0.564589 0.306373 0.569972 0.311421 0.565742 0.313440 0.560744 0.317623 0.557283 0.322671 0.554015 0.328440 0.549785 0.332045 0.544787 0.331901 0.544402 0.327142 0.548055 0.321805 0.548439 0.318055 0.552669 0.313440 0.554207 0.310267 0.556706 0.306950 0.560744 0.304354
0 0.581507 0.323969 0.586120 0.329017 0.589966 0.335219 0.584775 0.335507 0.579007 0.335074 0.573240 0.336516 0.567665 0.336084 0.561320 0.336084 0.554207 0.337959 0.553054 0.336661 0.560167 0.333055 0.569395 0.329449 0.574201 0.324834
0 0.594772 0.345364 0.597655 0.360891 0.595541 0.368823 0.588812 0.370987 0.583813 0.371419 0.582468 0.365506 0.574778 0.363776 0.569010 0.357574 0.566511 0.353824 0.578623 0.351660 0.591119 0.347045
0 0.920635 0.188988 0.920635 0.190972 0.923611 0.191468 0.926257 0.193452 0.929233 0.197669 0.931548 0.198661 0.942791 0.199901 0.946429 0.203125 0.953373 0.204117 0.951389 0.208829 0.958995 0.209821 0.960648 0.204861 0.967593 0.203869 0.970899 0.205605 0.973545 0.203125 0.973545 0.199405 0.970238 0.196181 0.968915 0.192460 0.966270 0.189732 0.965608 0.186260 0.961640 0.183284 0.958333 0.182044 0.955026 0.177827 0.947090 0.177331 0.942791 0.182788 0.939815 0.184028 0.935516 0.183532 0.927249 0.185516
0 0.968254 0.173611 0.967923 0.177579 0.970238 0.183780 0.972222 0.185764 0.980159 0.189484 0.982143 0.192956 0.994048 0.190228 0.996693 0.179812 0.997685 0.177827 0.999669 0.177579 0.997685 0.177083 0.995701 0.173115 0.986111 0.170883 0.981812 0.170883 0.978505 0.172619 0.973545 0.171875
0 0.986111 0.194940 0.982474 0.194444 0.982474 0.197421 0.984127 0.199405 0.986111 0.207093 0.990079 0.208581 0.994378 0.200893 0.990741 0.197173
0 0.986111 0.210317 0.983796 0.212798 0.984127 0.216022 0.985780 0.217262 0.990079 0.215774 0.992725 0.212798 0.990741 0.209325
