0 0.003968 0.615327 0.001653 0.617063 0.000000 0.617063 0.000000 0.697173 0.006614 0.695933 0.013889 0.690724 0.017526 0.686756 0.022156 0.685516 0.031746 0.677579 0.032738 0.674355 0.036706 0.671131 0.044643 0.657986 0.046958 0.644345 0.045966 0.615079 0.041667 0.611855 0.029101 0.611111
0 0.742394 0.520337 0.742063 0.529514 0.743386 0.533482 0.747685 0.538690 0.751653 0.538938 0.756614 0.542163 0.763558 0.543155 0.767196 0.542411 0.775132 0.542659 0.779762 0.541667 0.782738 0.539931 0.794643 0.538938 0.798942 0.532986 0.803241 0.532986 0.798280 0.532242 0.798611 0.527778 0.802579 0.525794 0.804563 0.521577 0.806548 0.520089 0.811177 0.520337 0.813161 0.517609 0.811839 0.516121 0.802579 0.514633 0.800265 0.512153 0.795966 0.509921 0.792659 0.505704 0.787037 0.505456 0.783069 0.504216 0.781085 0.502728 0.779101 0.498760 0.766204 0.497768 0.759921 0.499256 0.756614 0.501984 0.754960 0.504960 0.747354 0.509425 0.746362 0.511905 0.743386 0.513641
0 0.276786 0.132440 0.275794 0.138641 0.278439 0.142361 0.294974 0.148065 0.298942 0.150794 0.302249 0.150794 0.306548 0.148810 0.313161 0.147817 0.318122 0.141369 0.320106 0.141865 0.322090 0.144345 0.325728 0.143105 0.331680 0.138889 0.328373 0.135665 0.326058 0.131200 0.326058 0.125992 0.320437 0.122024 0.312169 0.119296 0.310516 0.117808 0.302910 0.119048 0.291005 0.117808 0.287368 0.118552 0.281746 0.122520
0 0.909099 0.245315 0.923903 0.242340 0.933685 0.241263 0.931207 0.246547 0.928990 0.252027 0.925207 0.255256 0.919599 0.256332 0.915947 0.255452 0.910599 0.255354 0.912164 0.251831 0.914251 0.249287 0.912425 0.247624 0.910338 0.249581 0.908773 0.251244 0.907860 0.247330
0 0.255251 0.395618 0.259581 0.391535 0.267524 0.386734 0.273481 0.384748 0.280542 0.382845 0.286940 0.381438 0.291463 0.384251 0.293780 0.388141 0.297200 0.393769 0.293228 0.392445 0.288264 0.393190 0.281976 0.392197 0.277563 0.393852 0.272709 0.392280 0.266862 0.391369 0.261236 0.393025
0 0.316395 0.395342 0.318271 0.393687 0.322794 0.388555 0.325441 0.383258 0.321249 0.382183 0.313086 0.380941 0.307128 0.382845 0.302164 0.385328 0.298413 0.387976 0.297420 0.389052 0.299958 0.395507 0.300951 0.400142 0.302054 0.403535 0.305474 0.403039 0.311210 0.399314 0.315954 0.395507 0.318271 0.393521
0 0.329523 0.383900 0.326214 0.390190 0.320036 0.395321 0.314189 0.399873 0.308231 0.404342 0.306687 0.406908 0.313306 0.408315 0.317057 0.412205 0.317278 0.417833 0.322021 0.419240 0.326103 0.420398 0.329744 0.417750 0.334157 0.415184 0.338569 0.412122 0.343534 0.409308 0.342541 0.406742 0.338569 0.400618 0.337135 0.396480 0.337576 0.392755 0.340776 0.392259 0.346402 0.392673 0.351477 0.394825 0.357103 0.397638 0.360743 0.399790 0.364825 0.399790 0.358758 0.395404 0.350704 0.391348 0.344196 0.387873 0.337246 0.386300
0 0.246122 0.408468 0.245239 0.418068 0.247115 0.419889 0.249321 0.422537 0.249983 0.427172 0.245239 0.429241 0.249321 0.435035 0.254065 0.440166 0.257926 0.437848 0.257595 0.430979 0.257926 0.423613 0.259471 0.420386 0.254506 0.416248
0 0.482311 0.286405 0.476498 0.287404 0.471533 0.291038 0.467537 0.296125 0.464389 0.299759 0.461604 0.300758 0.460514 0.295580 0.460998 0.290947 0.464510 0.287677 0.468748 0.284497 0.480252 0.283135 0.492725 0.282499 0.506045 0.283044 0.516217 0.284406 0.513674 0.287949 0.513916 0.291220 0.517549 0.295490 0.519002 0.298760 0.515369 0.298306 0.513311 0.301304 0.510404 0.294218 0.503986 0.292310 0.496721 0.293945 0.499385 0.299032 0.503744 0.304120 0.500111 0.303575 0.491271 0.301939 0.485217 0.301304 0.480010 0.303756 0.474561 0.307572 0.472502 0.310751 0.467416 0.308844 0.463784 0.307844 0.468022 0.305210 0.476135 0.300758 0.481947 0.296761 0.486791 0.291583 0.490424 0.287768
0 0.526873 0.286314 0.526631 0.291765 0.526388 0.296670 0.530263 0.299850 0.532564 0.292037 0.533170 0.288404
0 0.485338 0.318382 0.491514 0.315384 0.502654 0.316384 0.510525 0.320835 0.516943 0.327921 0.515006 0.330101 0.506529 0.328830 0.504955 0.334644 0.500232 0.334734 0.499869 0.327649 0.497326 0.322107 0.491756 0.324832 0.481826 0.322107
0 0.880074 0.301470 0.885668 0.308334 0.893780 0.312321 0.907347 0.315154 0.914200 0.317357 0.905808 0.317567 0.900214 0.320505 0.901333 0.330248 0.891962 0.330667 0.884130 0.329303 0.878396 0.326680 0.867626 0.323113 0.863150 0.319755 0.860633 0.317447 0.871263 0.313879 0.874479 0.308948 0.876577 0.304751 0.873221 0.301813 0.879095 0.298035
